1711606465782 1.869018753489008 0
1711606465783 1.8352618474448121 0
1711606465784 1.7994694791587917 0
1711606465785 1.7659926610496095 0
1711606465786 1.7526014223157036 0
1711606465786 1.720173304736392 0
1711606465787 1.6905775791448332 0
1711606465788 1.6600914392076582 0
1711606465789 1.6294591899233108 0
1711606465789 1.5987482016436676 0
1711606465790 1.56793645140715 0
1711606465791 1.5576652460206046 0
1711606465791 1.5273309981629537 0
1711606465792 1.5000648707925388 0
1711606465793 1.4719821609884918 0
1711606465794 1.4435979265279435 0
1711606465794 1.4167075865629084 0
1711606465795 1.4033758860032948 0
1711606465796 1.3787578417466566 0
1711606465796 1.3522709206127987 0
1711606465797 1.3289944759954562 0
1711606465798 1.3053539431316357 0
1711606465798 1.2819653678108234 0
1711606465799 1.273289418719533 0
1711606465800 1.2485268557638782 0
1711606465801 1.225839426119825 0
1711606465801 1.2027870589169065 0
1711606465802 1.1807165734722154 0
1711606465803 1.1587275923118185 0
1711606465803 1.1369010481082111 0
1711606465804 1.121860476788521 0
1711606465805 1.1036127296814746 0
1711606465806 1.0881745272484975 0
1711606465806 1.0689271860418437 0
1711606465807 1.0511560733523526 0
1711606465808 1.03168034961215 0
1711606465808 1.0119444693226674 0
1711606465809 0.9994820692709838 0
1711606465810 0.9829020150117398 0
1711606465811 0.9641177775466155 0
1711606465811 0.9469115893670736 0
1711606465812 0.9285461086211871 0
1711606465813 0.913606296541563 0
1711606465814 0.8961469518746847 0
1711606465815 0.8795997676497318 0
1711606465815 0.862562097420573 0
1711606465816 0.8479667765116973 0
1711606465817 0.831537497889766 0
1711606465817 0.8155873343264096 0
1711606465818 0.8034924635226368 0
1711606465819 0.7890675583621414 0
1711606465820 0.7757568885666352 0
1711606465820 0.761547614985968 0
1711606465821 0.7480398630647624 0
1711606465822 0.7338984162678494 0
1711606465822 0.7246177956846044 0
1711606465823 0.7109487565239808 0
1711606465824 0.6979452674293585 0
1711606465825 0.6893432342583212 0
1711606465825 0.6767178811389762 0
1711606465826 0.6642969432131052 0
1711606465827 0.6521138903218385 0
1711606465827 0.6406810584070287 0
1711606465828 0.628309462339194 0
1711606465829 0.6164580351048224 0
1711606465830 0.6058109434991964 0
1711606465830 0.5945467703909789 0
1711606465831 0.5834626259297562 0
1711606465832 0.5733591453663458 0
1711606465832 0.5629930697086347 0
1711606465833 0.5539037736202846 0
1711606465834 0.5439471769248547 0
1711606465835 0.5366368035031795 0
1711606465835 0.5270172215149224 0
1711606465836 0.5183769939304688 0
1711606465837 0.5086951512982802 0
1711606465838 0.5004167427210147 0
1711606465839 0.491284842197442 0
1711606465839 0.4835461324777084 0
1711606465840 0.47454062528606183 0
1711606465841 0.46697689944786974 0
1711606465842 0.45817207241148733 0
1711606465842 0.4497026306286889 0
1711606465843 0.441584600833456 0
1711606465844 0.4347015487506368 0
1711606465844 0.42706931268258586 0
1711606465845 0.420973024083283 0
1711606465846 0.4142113851324464 0
1711606465847 0.40728584175763344 0
1711606465848 0.4007044783281118 0
1711606465849 0.3941039951081638 0
1711606465849 0.386812871815421 0
1711606465850 0.38063985735021333 0
1711606465851 0.3735610158448885 0
1711606465851 0.3670190456580627 0
1711606465852 0.36042741277316 0
1711606465853 0.3537125170962898 0
1711606465854 0.34733540147506337 0
1711606465854 0.3429273357488116 0
1711606465855 0.33747175762759946 0
