1711606537665 1.7208900153290003 0
1711606537667 1.5591140022153933 0
1711606537668 1.4090640124968508 0
1711606537669 1.2766942769517853 0
1711606537671 1.1549276694380104 0
1711606537672 1.045934070052914 0
1711606537673 0.9466723160412578 0
1711606537674 0.8589773726065492 0
1711606537675 0.7775178609009475 0
1711606537677 0.7026505199072277 0
1711606537678 0.6361611512687948 0
1711606537679 0.5762384999479853 0
1711606537680 0.520736555153739 0
1711606537681 0.47192669052008956 0
1711606537682 0.42648814773699484 0
1711606537683 0.38674751046314665 0
1711606537684 0.3503366898780851 0
1711606537685 0.31856341656733655 0
1711606537687 0.2897080227780277 0
1711606537688 0.26179731658995986 0
1711606537689 0.23792298089743885 0
1711606537689 0.2154833218162619 0
1711606537690 0.19525503327940721 0
1711606537691 0.17759235766551604 0
1711606537692 0.1607655360439515 0
1711606537693 0.14553369024412227 0
1711606537693 0.1329678255318697 0
1711606537694 0.12056382212313803 0
1711606537695 0.10913892120605109 0
1711606537696 0.09920541155435308 0
1711606537697 0.08968972680356196 0
1711606537697 0.08129853018167069 0
1711606537698 0.07354800433554139 0
1711606537699 0.06669794210630528 0
1711606537700 0.06034680721798424 0
1711606537701 0.054673664361557496 0
1711606537701 0.049672620828142756 0
1711606537702 0.045087254477376874 0
1711606537703 0.040891757542698255 0
1711606537704 0.03708936732884599 0
1711606537705 0.03357739745951677 0
1711606537705 0.03077093871949523 0
1711606537706 0.027859520734798617 0
1711606537707 0.025313842275203554 0
1711606537708 0.023163711830016497 0
1711606537708 0.021319392686430957 0
1711606537709 0.019325208101369954 0
1711606537710 0.017563565454318034 0
1711606537711 0.016009628485280383 0
1711606537711 0.014611973191955167 0
1711606537712 0.013264695366117057 0
1711606537713 0.012048177107641148 0
1711606537713 0.01099663820018812 0
1711606537714 0.009988750208036695 0
1711606537715 0.00908644316716435 0
1711606537716 0.008319763237760514 0
1711606537716 0.007620532088429685 0
1711606537717 0.006980412496750501 0
1711606537718 0.006365573119222298 0
1711606537719 0.005815130480015137 0
1711606537719 0.005306826844372803 0
1711606537720 0.004865687197177287 0
1711606537721 0.0044483498039010255 0
1711606537721 0.004083343427755237 0
1711606537722 0.003749696822264791 0
1711606537723 0.0034364371995793974 0
1711606537724 0.0031683436879342665 0
1711606537724 0.0029311145704603364 0
1711606537725 0.0027058233459782343 0
1711606537726 0.0025106380280729423 0
1711606537727 0.0023114809416810147 0
1711606537727 0.0021337835944829856 0
1711606537728 0.0019683297577306057 0
1711606537729 0.0018311554802949044 0
1711606537729 0.001697099956238751 0
1711606537730 0.0015738929679445831 0
1711606537731 0.0014661125262036116 0
1711606537732 0.0013623160579653648 0
1711606537732 0.0012716352596903152 0
1711606537733 0.0011879100342278366 0
1711606537734 0.0011106721852913318 0
1711606537735 0.001038669890188388 0
1711606537736 0.0009722121570819784 0
1711606537736 0.0009126906974782436 0
1711606537737 0.0008591686546691556 0
1711606537738 0.000812519958357962 0
1711606537739 0.0007656154937993939 0
1711606537740 0.0007264297697312893 0
1711606537740 0.0006887172044413313 0
1711606537741 0.0006523687586269826 0
1711606537742 0.0006199771706079638 0
1711606537743 0.000591036462083984 0
1711606537743 0.0005651330884911196 0
1711606537744 0.0005398344762945255 0
1711606537745 0.0005185346833858593 0
1711606537746 0.000498113525601371 0
1711606537746 0.0004788524179097812 0
1711606537747 0.0004604795849984546 0
1711606537748 0.0004450695901598068 0
1711606537749 0.0004295956962330336 0
