1711606509424 1.863040916194693 0
1711606509425 1.8263332609978395 0
1711606509426 1.7900518802714565 0
1711606509427 1.7545164020454624 0
1711606509427 1.7200743476824598 0
1711606509429 1.6858666386183427 0
1711606509429 1.6531839394071717 0
1711606509430 1.6205769955437526 0
1711606509431 1.5883930302612672 0
1711606509432 1.556923878283355 0
1711606509432 1.525970689333732 0
1711606509433 1.4957323337889175 0
1711606509434 1.4660029099284952 0
1711606509435 1.4369430557283813 0
1711606509436 1.4086193799935847 0
1711606509436 1.3806266911685852 0
1711606509437 1.353364063859752 0
1711606509438 1.3265035728900416 0
1711606509439 1.3002051210944277 0
1711606509440 1.2743861004140653 0
1711606509440 1.249086979645852 0
1711606509441 1.2242742211257192 0
1711606509442 1.2000357368757444 0
1711606509443 1.1761828540214536 0
1711606509443 1.1529334207781183 0
1711606509444 1.1300741054035193 0
1711606509445 1.1077319514282506 0
1711606509446 1.0857973628369169 0
1711606509447 1.0642808770538599 0
1711606509447 1.0432344136543172 0
1711606509448 1.0239534005053936 0
1711606509449 1.0036112993926587 0
1711606509450 0.9836889366285172 0
1711606509450 0.9641331847934778 0
1711606509451 0.9450185550944658 0
1711606509452 0.9262820974872291 0
1711606509453 0.9078825807430863 0
1711606509454 0.8901597089440229 0
1711606509454 0.872560645796753 0
1711606509455 0.8553665428740362 0
1711606509456 0.8383717845869949 0
1711606509457 0.8217180217103012 0
1711606509458 0.8054173435161598 0
1711606509458 0.7894485739183726 0
1711606509459 0.7738208587277642 0
1711606509460 0.7584615390818745 0
1711606509461 0.7434095996394426 0
1711606509461 0.7286463686753832 0
1711606509462 0.714276477319859 0
1711606509463 0.7000884984487702 0
1711606509464 0.6861875503027384 0
1711606509465 0.6725854330092954 0
1711606509465 0.6593327103906188 0
1711606509466 0.6464068739788839 0
1711606509467 0.6335918515562015 0
1711606509468 0.6210049782000717 0
1711606509468 0.6086691471763787 0
1711606509469 0.5965698818354829 0
1711606509470 0.5847072193274233 0
1711606509471 0.573091277221783 0
1711606509472 0.5617131301928414 0
1711606509472 0.5505661420459461 0
1711606509473 0.539634752151441 0
1711606509474 0.5290021761605396 0
1711606509475 0.5184904104908109 0
1711606509475 0.508279702930258 0
1711606509476 0.498210025813442 0
1711606509477 0.48830238726952907 0
1711606509478 0.478598968939043 0
1711606509479 0.46926736280106984 0
1711606509479 0.45993758109804356 0
1711606509480 0.45089281017355726 0
1711606509481 0.4419285394320152 0
1711606509482 0.4331495182195505 0
1711606509483 0.42455668267074154 0
1711606509484 0.41613310903921086 0
1711606509484 0.4078657292329783 0
1711606509485 0.3997988487931291 0
1711606509486 0.3918792565329544 0
1711606509487 0.3841012191139822 0
1711606509487 0.37648946670510003 0
1711606509488 0.36902428880330757 0
1711606509489 0.3618904356856012 0
1711606509490 0.3547047244694192 0
1711606509491 0.3476601104643184 0
1711606509491 0.34075741068201654 0
1711606509492 0.33401442439044193 0
1711606509493 0.3274265551673643 0
1711606509494 0.32093508178201285 0
1711606509494 0.3145687051742698 0
1711606509495 0.30834961360564406 0
1711606509496 0.30222526765267516 0
1711606509497 0.29625045149492235 0
1711606509498 0.2903899251933478 0
1711606509498 0.28463438703728383 0
1711606509499 0.2789907207665148 0
1711606509500 0.2734532143229242 0
1711606509501 0.26802788408108846 0
1711606509502 0.2627207543636321 0
1711606509502 0.25750762971711544 0
