1711606495916 1.8639926235327966 0
1711606495917 1.827318331844036 0
1711606495918 1.7917629497557808 0
1711606495919 1.7563630319711954 0
1711606495920 1.722476282084545 0
1711606495921 1.6898646432430535 0
1711606495922 1.6570120314062071 0
1711606495924 1.625551070833062 0
1711606495925 1.5963488462348026 0
1711606495926 1.565408551603675 0
1711606495927 1.5344660599383086 0
1711606495928 1.5042678985657223 0
1711606495928 1.4751334857125016 0
1711606495929 1.445972522509343 0
1711606495930 1.4176638795442986 0
1711606495931 1.3914183419374553 0
1711606495932 1.3647552576162634 0
1711606495934 1.3383402701267288 0
1711606495935 1.3119651923729498 0
1711606495936 1.2871531369587519 0
1711606495937 1.2622448904101828 0
1711606495938 1.23733084268156 0
1711606495939 1.2130292759240229 0
1711606495940 1.189498415585753 0
1711606495941 1.1659742080025741 0
1711606495943 1.143625007575013 0
1711606495943 1.121919789756516 0
1711606495944 1.1000807999286335 0
1711606495945 1.0784848890369183 0
1711606495946 1.0572741470435842 0
1711606495946 1.0365770133658168 0
1711606495947 1.0178022560211262 0
1711606495948 0.9979711371714703 0
1711606495949 0.9788137715774333 0
1711606495950 0.9597187719588741 0
1711606495950 0.9422405023318435 0
1711606495951 0.9237620652623161 0
1711606495952 0.905798706008088 0
1711606495953 0.8881071703762589 0
1711606495953 0.8708070500879008 0
1711606495954 0.8536827255038072 0
1711606495955 0.8374530192090924 0
1711606495956 0.8217730723290388 0
1711606495957 0.8057278656518903 0
1711606495958 0.7899484852363267 0
1711606495959 0.774471933658502 0
1711606495959 0.7593829695013613 0
1711606495960 0.7445425402703305 0
1711606495961 0.7298962100542118 0
1711606495961 0.715680737934881 0
1711606495962 0.7015860015168055 0
1711606495963 0.6877495978527358 0
1711606495963 0.674612892923083 0
1711606495964 0.6612297750965483 0
1711606495965 0.6484284112723486 0
1711606495966 0.6356409120311687 0
1711606495966 0.6231961782342377 0
1711606495967 0.611354083217148 0
1711606495968 0.5995037508307465 0
1711606495968 0.5879034106250425 0
1711606495969 0.5771073092973764 0
1711606495970 0.565723062673119 0
1711606495970 0.5548658972140219 0
1711606495971 0.54421381127882 0
1711606495972 0.5336363942685534 0
1711606495973 0.5233403810687097 0
1711606495973 0.5135776045516938 0
1711606495974 0.5034742337183147 0
1711606495975 0.49490339082560153 0
1711606495975 0.48528603772163337 0
1711606495976 0.47640572849943297 0
1711606495977 0.4674082267281889 0
1711606495978 0.45814241779877557 0
1711606495978 0.4492713775053386 0
1711606495979 0.44058668198409684 0
1711606495980 0.43193039983640796 0
1711606495980 0.423536377119957 0
1711606495981 0.415324829872466 0
1711606495982 0.4072437706693787 0
1711606495982 0.3993272813528613 0
1711606495983 0.39177018212457687 0
1711606495984 0.38417433490978325 0
1711606495985 0.37703908029416894 0
1711606495985 0.3698836133794097 0
1711606495986 0.36259790714625334 0
1711606495987 0.35550623437969814 0
1711606495987 0.34861510854807065 0
1711606495988 0.3419620397114713 0
1711606495989 0.33525941126050834 0
1711606495990 0.32865392777742625 0
1711606495990 0.32226347608021483 0
1711606495991 0.3159701209562337 0
1711606495992 0.3097364417074694 0
1711606495993 0.30383440238679366 0
1711606495993 0.29801863427565956 0
1711606495994 0.2921946120807257 0
1711606495995 0.2865442358167554 0
1711606495995 0.28097322822348053 0
1711606495996 0.27572325278229337 0
1711606495997 0.270368480358705 0
