1711606587566 1.5810933139325245 0
1711606587567 1.296154197681869 0
1711606587568 1.0840096508939148 0
1711606587569 0.8885760370262407 0
1711606587570 0.7526815776111317 0
1711606587570 0.6470063587635257 0
1711606587571 0.5361988082194665 0
1711606587572 0.443231736558537 0
1711606587574 0.39283434283544755 0
1711606587575 0.327717818291346 0
1711606587576 0.2693995873572666 0
1711606587576 0.2208340271520115 0
1711606587577 0.18827702388200773 0
1711606587578 0.15575584386194347 0
1711606587579 0.12961297590580598 0
1711606587580 0.1078806497578128 0
1711606587580 0.09881142023487018 0
1711606587581 0.09424962805270637 0
1711606587582 0.08034799165558505 0
1711606587583 0.06761409227393342 0
1711606587583 0.056948429494007934 0
1711606587584 0.048959437955458936 0
1711606587585 0.04318701938525787 0
1711606587586 0.036809626826861785 0
1711606587586 0.03159492948330778 0
1711606587587 0.027208272420610892 0
1711606587588 0.02378966482821337 0
1711606587589 0.020659015587956808 0
1711606587590 0.020096660301240233 0
1711606587590 0.017733206032046298 0
1711606587591 0.015760918116896727 0
1711606587592 0.014376699954701285 0
1711606587593 0.01293497335919551 0
1711606587593 0.011565602121638542 0
1711606587594 0.010757715124689312 0
1711606587595 0.009914893045381526 0
1711606587596 0.009180354675574364 0
1711606587596 0.008443947834901551 0
1711606587597 0.00793079402664159 0
1711606587598 0.0073836080238412795 0
1711606587599 0.006992205662364238 0
1711606587600 0.00654272714815612 0
1711606587600 0.006111556738477351 0
1711606587601 0.0057772985131286075 0
1711606587602 0.005498422642117231 0
1711606587603 0.005214216309235381 0
1711606587604 0.004972808648397324 0
1711606587604 0.004763711980692505 0
1711606587605 0.0045847644105471205 0
1711606587606 0.0043957941343272305 0
1711606587607 0.004239789501735057 0
1711606587608 0.004109493672060829 0
1711606587608 0.003953258777155168 0
1711606587609 0.0038245667616045565 0
1711606587610 0.0036560852932503224 0
1711606587611 0.003547747722215553 0
1711606587612 0.003453256497155845 0
1711606587613 0.003378319893786649 0
1711606587613 0.0033020420707021354 0
1711606587614 0.003244392843716618 0
1711606587615 0.003202761044237746 0
1711606587616 0.00314481787303064 0
1711606587617 0.0030776909464756276 0
1711606587617 0.0030430823234427642 0
1711606587618 0.002969243241345771 0
1711606587619 0.0029054202873195624 0
1711606587620 0.0028789674732928733 0
1711606587621 0.002838763837754756 0
1711606587622 0.0028115756683988833 0
1711606587622 0.002782811740856206 0
1711606587623 0.0027551955323743644 0
1711606587624 0.0027354280823326423 0
1711606587625 0.0027166037778884535 0
1711606587626 0.0026945861432862944 0
1711606587627 0.0026808404297661297 0
1711606587627 0.00265924139211729 0
1711606587628 0.0026320429264747825 0
1711606587629 0.0026142989504694485 0
1711606587630 0.002577156096168275 0
1711606587631 0.00255681743221558 0
1711606587631 0.0025460381400736233 0
1711606587632 0.0025311608120486195 0
1711606587633 0.002511502809498271 0
1711606587634 0.0024919476462856548 0
1711606587635 0.0024807425433047707 0
1711606587636 0.0024737622893999016 0
1711606587637 0.002457382135092517 0
1711606587638 0.0024217523077532874 0
1711606587639 0.002409189361837983 0
1711606587640 0.002380590932476471 0
1711606587640 0.0023637197190594875 0
1711606587641 0.002354984456950954 0
1711606587642 0.002346462355455426 0
1711606587643 0.0023420331325405518 0
1711606587644 0.0023245617857033667 0
1711606587644 0.0023148300023678923 0
1711606587645 0.0022979609668327267 0
1711606587646 0.0022739221673983815 0
1711606587647 0.0022677307944446033 0
1711606587648 0.002263678904179335 0
