1711606516918 1.7190918795391859 0
1711606516919 1.555087401365216 0
1711606516920 1.4068579217000248 0
1711606516921 1.2726452212232449 0
1711606516922 1.1514902920939705 0
1711606516922 1.0417417759707588 0
1711606516923 0.9425960858811783 0
1711606516924 0.8528335990928423 0
1711606516925 0.7717023411562062 0
1711606516926 0.6983102707993031 0
1711606516927 0.6319053063653857 0
1711606516928 0.5718065402371816 0
1711606516928 0.5175101638276268 0
1711606516929 0.468285268441571 0
1711606516930 0.4237842724005641 0
1711606516931 0.3835803998895697 0
1711606516932 0.34717490012329844 0
1711606516932 0.31414610854767405 0
1711606516933 0.2843631913545709 0
1711606516934 0.25734519416795537 0
1711606516935 0.23293865094029298 0
1711606516935 0.2108561634956058 0
1711606516936 0.19085070571522916 0
1711606516937 0.17274318179456877 0
1711606516938 0.15638145766828507 0
1711606516939 0.14154966467993296 0
1711606516939 0.12814437800168238 0
1711606516940 0.11600630928926013 0
1711606516941 0.10503375069366527 0
1711606516942 0.09508312243272449 0
1711606516943 0.08608150414187393 0
1711606516943 0.07794304901891465 0
1711606516944 0.07058489565142925 0
1711606516945 0.06390016796714927 0
1711606516946 0.05786319966459299 0
1711606516946 0.0523875142667451 0
1711606516947 0.04744360856568612 0
1711606516948 0.04295317270267188 0
1711606516949 0.038904445162190354 0
1711606516950 0.035223520317603764 0
1711606516950 0.031900638248749 0
1711606516951 0.028894301858807387 0
1711606516952 0.02616385868317153 0
1711606516953 0.023697888061155567 0
1711606516954 0.02146204911139716 0
1711606516954 0.01943990407803686 0
1711606516955 0.017613107493414593 0
1711606516956 0.0159514087165292 0
1711606516957 0.014450068109132234 0
1711606516958 0.013091370080021125 0
1711606516958 0.01185942704410451 0
1711606516959 0.010744220010047984 0
1711606516960 0.009731172527895376 0
1711606516961 0.008820543493844282 0
1711606516961 0.007997049859398246 0
1711606516962 0.007246830740133033 0
1711606516963 0.006568865816545202 0
1711606516964 0.005956498823800353 0
1711606516965 0.005396807133341263 0
1711606516965 0.0048938519732789915 0
1711606516966 0.004435556414087695 0
1711606516967 0.004019246586792723 0
1711606516968 0.003643428377196926 0
1711606516969 0.0033034150248472008 0
1711606516969 0.002995405373369687 0
1711606516970 0.0027167634365999815 0
1711606516971 0.002464193932658528 0
1711606516972 0.002235438330470186 0
1711606516972 0.0020272503070147127 0
1711606516973 0.0018395353697955121 0
1711606516974 0.0016694330329450032 0
1711606516975 0.0015146949755299607 0
1711606516976 0.0013751248178118882 0
1711606516976 0.0012478578338213757 0
1711606516977 0.0011335572922788332 0
1711606516978 0.0010293490669106792 0
1711606516979 0.0009345632031224558 0
1711606516980 0.0008491225360777386 0
1711606516980 0.000771327137857818 0
1711606516981 0.0007010213160530895 0
1711606516982 0.0006369628257456266 0
1711606516983 0.0005791653493551546 0
1711606516983 0.0005268095394287816 0
1711606516984 0.0004792748058462391 0
1711606516985 0.000436287354712275 0
1711606516986 0.0003972058617842697 0
1711606516987 0.0003619075091307837 0
1711606516987 0.00032991022684020075 0
1711606516988 0.0003008804643753259 0
1711606516989 0.00027469516538448555 0
1711606516990 0.00025062283605269836 0
1711606516991 0.0002290461006046886 0
1711606516992 0.00020922963033860183 0
1711606516992 0.00019147687017872676 0
1711606516993 0.00017521176313115645 0
1711606516994 0.00016043263349105525 0
1711606516995 0.00014709122636838909 0
1711606516995 0.00013494273180475033 0
1711606516996 0.00012394638060665537 0
1711606516997 0.00011401055337789524 0
