1711606484445 1.8629888447610556 0
1711606484446 1.8259572651880929 0
1711606484447 1.7896622553350519 0
1711606484448 1.754090007644964 0
1711606484449 1.7192246751881888 0
1711606484450 1.685053102699329 0
1711606484450 1.651560024729494 0
1711606484451 1.6187340103018544 0
1711606484452 1.58655962981466 0
1711606484453 1.5550252542511478 0
1711606484454 1.5241171882074378 0
1711606484454 1.4938241121668558 0
1711606484455 1.4641330424434589 0
1711606484456 1.4350333841204075 0
1711606484457 1.4065100671468242 0
1711606484457 1.3785541164804194 0
1711606484458 1.351153087407304 0
1711606484459 1.3242990548277858 0
1711606484460 1.2979753608211317 0
1711606484460 1.2721774798051977 0
1711606484461 1.2468921479076482 0
1711606484462 1.2221067441900602 0
1711606484463 1.1978180393433828 0
1711606484464 1.1740081730839969 0
1711606484464 1.1506738722538485 0
1711606484465 1.127800912472367 0
1711606484466 1.1053828178488083 0
1711606484467 1.0834125670070411 0
1711606484467 1.0618807848400376 0
1711606484468 1.0407731654372714 0
1711606484469 1.0200864805900058 0
1711606484470 0.9998108365365251 0
1711606484470 0.979936915226821 0
1711606484471 0.960459677376972 0
1711606484472 0.9413669790821979 0
1711606484473 0.9226577689751069 0
1711606484474 0.9043191265840166 0
1711606484474 0.8863425853110806 0
1711606484475 0.8687264859349119 0
1711606484476 0.8514573046178894 0
1711606484477 0.8345336619622802 0
1711606484477 0.8179467848993351 0
1711606484478 0.8016873563252682 0
1711606484479 0.7857539742088393 0
1711606484480 0.770134651887079 0
1711606484481 0.754826589651036 0
1711606484481 0.7398243086454569 0
1711606484482 0.725120317294318 0
1711606484483 0.7107065222041761 0
1711606484484 0.6965810460472142 0
1711606484484 0.6827351454220936 0
1711606484485 0.6691660235652146 0
1711606484486 0.6558645899864404 0
1711606484487 0.6428291638089443 0
1711606484488 0.6300516438035313 0
1711606484488 0.6175285466441751 0
1711606484489 0.605255160388593 0
1711606484490 0.5932242905666782 0
1711606484491 0.5814327417715125 0
1711606484491 0.5698766502232208 0
1711606484492 0.5585504144195991 0
1711606484493 0.5474480949159894 0
1711606484494 0.5365670776081197 0
1711606484494 0.525902776828631 0
1711606484495 0.5154489796898679 0
1711606484496 0.5052044409495875 0
1711606484497 0.495162197836019 0
1711606484497 0.4853200348512314 0
1711606484498 0.475673229178567 0
1711606484499 0.46621910703835073 0
1711606484500 0.4569520779821971 0
1711606484501 0.4478701873748708 0
1711606484501 0.43896800662916047 0
1711606484502 0.43024287831743663 0
1711606484503 0.42169169720681104 0
1711606484504 0.4133100006373269 0
1711606484504 0.4050949732800717 0
1711606484505 0.3970431599370587 0
1711606484506 0.3891518826582338 0
1711606484507 0.38141711206953555 0
1711606484508 0.37383612741933653 0
1711606484508 0.36640596220278704 0
1711606484509 0.35912324917905075 0
1711606484510 0.3519856489942622 0
1711606484511 0.34498955064405673 0
1711606484511 0.33813283643244474 0
1711606484512 0.33141239571107023 0
1711606484513 0.32482517894708907 0
1711606484514 0.3183691825507101 0
1711606484514 0.3120413597038327 0
1711606484515 0.3058395605550512 0
1711606484516 0.29976092313622626 0
1711606484517 0.29380311959238603 0
1711606484518 0.28796361897527817 0
1711606484519 0.28224037117114187 0
1711606484519 0.2766307330861821 0
1711606484520 0.27113253568585605 0
1711606484521 0.26574359911482726 0
1711606484522 0.26046194195947836 0
1711606484522 0.2552850413354319 0
