1711606574254 1.71580065926183 0
1711606574255 1.5488186811127145 0
1711606574256 1.4013180930499085 0
1711606574257 1.26616140528709 0
1711606574258 1.1455584125293816 0
1711606574259 1.0370059933003042 0
1711606574260 0.9363575242092461 0
1711606574260 0.8458877502594019 0
1711606574261 0.7665069274149688 0
1711606574262 0.6964173749218411 0
1711606574263 0.6299234490284545 0
1711606574264 0.5695252269303989 0
1711606574264 0.5142549278962395 0
1711606574265 0.46472102977576274 0
1711606574266 0.4199856790748218 0
1711606574266 0.38047047802645234 0
1711606574267 0.343476457584177 0
1711606574268 0.31079204155965034 0
1711606574269 0.28127263013693893 0
1711606574269 0.25431052973375906 0
1711606574270 0.23007616044523616 0
1711606574271 0.207904240591097 0
1711606574272 0.18793049921187804 0
1711606574272 0.16969575964910177 0
1711606574273 0.15341043645579994 0
1711606574274 0.14116865640285214 0
1711606574275 0.1274932195454327 0
1711606574275 0.11524702097230682 0
1711606574276 0.10414478871513025 0
1711606574277 0.09407501999425714 0
1711606574278 0.08497768106837367 0
1711606574278 0.07677673260606863 0
1711606574279 0.06934801263396609 0
1711606574280 0.06267438815418928 0
1711606574281 0.05665603383435463 0
1711606574281 0.05119728142444942 0
1711606574282 0.046298227604214225 0
1711606574283 0.04184419604652528 0
1711606574283 0.03781621624753319 0
1711606574284 0.034192141570588884 0
1711606574285 0.030903172939394926 0
1711606574286 0.02794065832012457 0
1711606574286 0.02525908914116981 0
1711606574287 0.022842038454480802 0
1711606574288 0.020657378303294303 0
1711606574289 0.018699770580105413 0
1711606574289 0.016917875965135054 0
1711606574290 0.015314956836267995 0
1711606574291 0.013897504766487625 0
1711606574292 0.012612132884618175 0
1711606574292 0.011443022619976491 0
1711606574293 0.010355943765346333 0
1711606574294 0.009403970309178009 0
1711606574295 0.008524675995596007 0
1711606574295 0.007718821189508318 0
1711606574296 0.007011996855175056 0
1711606574297 0.006361245226270019 0
1711606574298 0.005778077342952852 0
1711606574298 0.005241366686205303 0
1711606574299 0.004753509308213703 0
1711606574300 0.004320482483323898 0
1711606574301 0.0039342655714696894 0
1711606574301 0.0035850583132206776 0
1711606574302 0.0032599827141243324 0
1711606574303 0.0029661699613903005 0
1711606574304 0.0026991858273142043 0
1711606574304 0.002478479371793861 0
1711606574305 0.0022571098948643313 0
1711606574306 0.0020571372572237277 0
1711606574307 0.0018774723901157434 0
1711606574307 0.0017139469154883488 0
1711606574308 0.0015664982615246942 0
1711606574309 0.0014377706614277018 0
1711606574309 0.0013164981757708505 0
1711606574310 0.0012058379073579893 0
1711606574311 0.0011055524879945633 0
1711606574312 0.001014257517079509 0
1711606574312 0.0009332106002652489 0
1711606574313 0.0008595282092242722 0
1711606574314 0.0008012899759204397 0
1711606574315 0.0007387980942537372 0
1711606574315 0.0006839621755283256 0
1711606574316 0.0006340285664843637 0
1711606574317 0.0005880795542383804 0
1711606574318 0.0005464690755583757 0
1711606574318 0.0005088167272019733 0
1711606574319 0.00047414353994593215 0
1711606574320 0.0004433803760008754 0
1711606574321 0.0004144016850951352 0
1711606574322 0.00038799775722654254 0
1711606574323 0.0003648611876220062 0
1711606574324 0.0003440228937547501 0
1711606574325 0.0003247140505887156 0
1711606574326 0.0003070707390750212 0
1711606574327 0.0002907859980400026 0
1711606574327 0.00027595123845246207 0
1711606574328 0.00026245431286765243 0
1711606574329 0.0002497352299547912 0
1711606574330 0.00023849098216198006 0
1711606574330 0.00022825528164047574 0
