1711606459537 1.865565733239706 0
1711606459538 1.829176784210163 0
1711606459539 1.793510324268587 0
1711606459539 1.7589090074456317 0
1711606459541 1.725554389312794 0
1711606459542 1.6926478989837035 0
1711606459543 1.6596969582671748 0
1711606459544 1.6281103675267845 0
1711606459544 1.5979860940040247 0
1711606459545 1.5703794012282577 0
1711606459546 1.5422838835483539 0
1711606459547 1.512267096388857 0
1711606459548 1.4828463767284732 0
1711606459549 1.4543968386448662 0
1711606459549 1.4261136038402427 0
1711606459550 1.3983681860174055 0
1711606459551 1.3720273955639106 0
1711606459552 1.3456141561071704 0
1711606459553 1.3194408575556043 0
1711606459554 1.2937896414011296 0
1711606459554 1.2686398369061338 0
1711606459555 1.245822405040727 0
1711606459556 1.2222483844227297 0
1711606459557 1.198744727444985 0
1711606459557 1.1754550086893611 0
1711606459558 1.1526193297188139 0
1711606459559 1.1302288973191479 0
1711606459560 1.1094550331282937 0
1711606459560 1.08906218026413 0
1711606459561 1.0686406980722922 0
1711606459562 1.0478919691269981 0
1711606459562 1.0281047682145248 0
1711606459563 1.0094076387698432 0
1711606459564 0.9900583639260635 0
1711606459564 0.970834187197346 0
1711606459565 0.9530416479693745 0
1711606459566 0.934774053173944 0
1711606459567 0.9185165732458694 0
1711606459567 0.9009760519439775 0
1711606459568 0.8858628721479759 0
1711606459569 0.8688850569955021 0
1711606459569 0.85223702859463 0
1711606459570 0.8357140791440323 0
1711606459571 0.819667530354185 0
1711606459571 0.8037911906495034 0
1711606459572 0.7881931395125301 0
1711606459573 0.7729199492819449 0
1711606459574 0.757952019610284 0
1711606459574 0.7432296180768309 0
1711606459575 0.7290667778077499 0
1711606459576 0.715752275916491 0
1711606459576 0.7018804574418172 0
1711606459577 0.6885432227857458 0
1711606459578 0.6754138056176155 0
1711606459578 0.6625706172304289 0
1711606459579 0.6497252539738003 0
1711606459580 0.6372651648371581 0
1711606459580 0.6256560314791861 0
1711606459581 0.6135475377042988 0
1711606459582 0.6020433982446728 0
1711606459583 0.5919953170936834 0
1711606459583 0.5826755516080726 0
1711606459584 0.5714104318942673 0
1711606459585 0.5607191447090922 0
1711606459585 0.5500650739560574 0
1711606459586 0.5395407445691546 0
1711606459587 0.5290948212537558 0
1711606459588 0.5190283204474943 0
1711606459588 0.5091841591736944 0
1711606459589 0.4993441337422317 0
1711606459590 0.48986129466306116 0
1711606459590 0.4803967450662392 0
1711606459591 0.4711247089963552 0
1711606459592 0.46225348615522 0
1711606459592 0.45330698651972645 0
1711606459593 0.44456700096564444 0
1711606459594 0.436142622190355 0
1711606459595 0.4277210193761719 0
1711606459595 0.4194368784331866 0
1711606459596 0.4113389225062445 0
1711606459597 0.4037282489831003 0
1711606459597 0.39592347902231384 0
1711606459598 0.3884712895253525 0
1711606459599 0.38097243987877194 0
1711606459599 0.3741526408695998 0
1711606459600 0.3669356419857675 0
1711606459601 0.3603111032284202 0
1711606459602 0.35336519320812426 0
1711606459602 0.34668644630799345 0
1711606459603 0.33998775833621353 0
1711606459604 0.33342956663673196 0
1711606459605 0.3269911530037735 0
1711606459605 0.32069029022775725 0
1711606459606 0.3147004792385274 0
1711606459607 0.30863648157371726 0
1711606459608 0.30339989931419414 0
1711606459609 0.2975563447185084 0
1711606459610 0.29182747583915675 0
1711606459610 0.2864225313898737 0
1711606459611 0.2812726520532931 0
