1711606622717 1.5397144615050538 0
1711606622718 1.2472416527882817 0
1711606622718 1.0103254116365497 0
1711606622719 0.818404005878521 0
1711606622720 0.6629468578394313 0
1711606622721 0.5370155881129915 0
1711606622722 0.4350065763159554 0
1711606622723 0.35237509778135345 0
1711606622724 0.28544089157489194 0
1711606622724 0.231219625069774 0
1711606622725 0.18729776761503636 0
1711606622726 0.1517197067563636 0
1711606622727 0.12289997089389998 0
1711606622727 0.0995544552352998 0
1711606622728 0.08064383154653652 0
1711606622729 0.06532532329909634 0
1711606622730 0.05291663530279313 0
1711606622730 0.04286528722155224 0
1711606622731 0.034723240188175075 0
1711606622732 0.028127566481416604 0
1711606622733 0.022785038435108877 0
1711606622733 0.01845696140008131 0
1711606622734 0.014951243521947499 0
1711606622735 0.012111373332378678 0
1711606622736 0.00981093060309587 0
1711606622736 0.007947367367187272 0
1711606622737 0.0064378550648055335 0
1711606622738 0.005215064405258355 0
1711606622739 0.004224541361497148 0
1711606622740 0.003422170148886835 0
1711606622740 0.002772221169329258 0
1711606622741 0.002245700801452156 0
1711606622742 0.0018192073717573343 0
1711606622743 0.001473742580108556 0
1711606622743 0.0011938844288482877 0
1711606622744 0.0009671851204366018 0
1711606622745 0.0007835371472564196 0
1711606622746 0.0006347737729167027 0
1711606622746 0.0005142749920717447 0
1711606622747 0.0004166589293453124 0
1711606622748 0.0003375873935554716 0
1711606622749 0.0002735308667128416 0
1711606622749 0.00022164522663518905 0
1711606622750 0.00017961222795796395 0
1711606622751 0.00014556399856788504 0
1711606622752 0.00011798370559783965 0
1711606622752 9.564176695357578e-05 0
1711606622753 7.75425744219423e-05 0
1711606622754 6.288151762103948e-05 0
1711606622755 5.100576374509982e-05 0
1711606622755 4.1385495745293494e-05 0
1711606622756 3.359213802475465e-05 0
1711606622757 2.7279280495623725e-05 0
1711606622758 2.216462079461648e-05 0
1711606622758 1.8020479571320732e-05 0
1711606622759 1.4663148372521275e-05 0
1711606622760 1.1943152306721189e-05 0
1711606622761 9.738746332809631e-06 0
1711606622762 7.951457135990248e-06 0
1711606622762 6.503310068953029e-06 0
1711606622763 5.3294618702988065e-06 0
1711606622764 4.377964087961046e-06 0
1711606622765 3.6061730845554326e-06 0
1711606622765 2.97948096978094e-06 0
1711606622766 2.4726718161519504e-06 0
1711606622767 2.061674111829285e-06 0
1711606622768 1.7280022255114712e-06 0
1711606622768 1.4557420795615733e-06 0
1711606622769 1.2351765823851573e-06 0
1711606622770 1.05655422804952e-06 0
1711606622771 9.113298295649423e-07 0
1711606622772 7.929636988184603e-07 0
1711606622772 6.969678380829775e-07 0
1711606622773 6.171270396893965e-07 0
1711606622774 5.51421122941925e-07 0
1711606622775 4.984056600426047e-07 0
1711606622776 4.564773976143327e-07 0
1711606622776 4.216629666508446e-07 0
1711606622777 3.9299197454082634e-07 0
1711606622778 3.676724793099879e-07 0
1711606622779 3.4760809267585536e-07 0
1711606622780 3.301037559558692e-07 0
1711606622780 3.174676513380316e-07 0
1711606622781 3.062069430518452e-07 0
1711606622782 2.9721524815757585e-07 0
1711606622783 2.892823253026974e-07 0
1711606622784 2.81942029639139e-07 0
1711606622784 2.7560786915682637e-07 0
1711606622785 2.716047921081622e-07 0
1711606622786 2.673829143148737e-07 0
1711606622787 2.624959925695328e-07 0
1711606622788 2.596945915776056e-07 0
1711606622788 2.5640441324753433e-07 0
1711606622789 2.54625209714025e-07 0
1711606622790 2.508197854025473e-07 0
1711606622791 2.4641653566347374e-07 0
1711606622792 2.420679689968592e-07 0
1711606622793 2.392659831003713e-07 0
1711606622793 2.329986468434247e-07 0
1711606622794 2.3088650632049088e-07 0
