1711606561394 1.715492599129862 0
1711606561395 1.5482755085437845 0
1711606561396 1.3973570557640838 0
1711606561397 1.2611480914760336 0
1711606561398 1.1382181252061239 0
1711606561399 1.0272686775156616 0
1711606561400 0.9271321770016331 0
1711606561400 0.8367598075343978 0
1711606561401 0.7551948381290303 0
1711606561402 0.6815825634601624 0
1711606561402 0.6151441731170373 0
1711606561403 0.5551830367037304 0
1711606561404 0.5010661888523197 0
1711606561405 0.45222461409528375 0
1711606561405 0.40814352876980653 0
1711606561406 0.36835962727033345 0
1711606561407 0.3324534929870834 0
1711606561408 0.3000468231339151 0
1711606561408 0.270799724754291 0
1711606561409 0.24440350826830817 0
1711606561410 0.22058015724052074 0
1711606561410 0.19907886227123284 0
1711606561411 0.17967355526659104 0
1711606561412 0.1621596271625964 0
1711606561413 0.146353048329817 0
1711606561414 0.13208732620786412 0
1711606561414 0.1192120634835145 0
1711606561415 0.10759187418167283 0
1711606561416 0.09710424102638852 0
1711606561417 0.08763901387378718 0
1711606561418 0.07909645425396888 0
1711606561418 0.07138665376377984 0
1711606561419 0.06442843558624688 0
1711606561420 0.05814830830384566 0
1711606561421 0.05248021503066682 0
1711606561422 0.04736483177353626 0
1711606561422 0.04274813470789045 0
1711606561423 0.038581220706887714 0
1711606561424 0.034820545434986194 0
1711606561425 0.031426454516956165 0
1711606561426 0.02836327928546348 0
1711606561426 0.02559854978002549 0
1711606561427 0.023103396658529604 0
1711606561428 0.02085145172723001 0
1711606561429 0.018818969962843227 0
1711606561430 0.016984660189036323 0
1711606561430 0.015329138396392009 0
1711606561431 0.013834929503757431 0
1711606561432 0.012486438997795507 0
1711606561433 0.01126933464508149 0
1711606561434 0.010170880733922085 0
1711606561434 0.009179503766848724 0
1711606561435 0.008284751223488518 0
1711606561436 0.007477217817992056 0
1711606561437 0.006748393090058544 0
1711606561438 0.006090605868494551 0
1711606561438 0.00549694071607404 0
1711606561439 0.004961156304735843 0
1711606561440 0.004477586707459482 0
1711606561441 0.004041155743981199 0
1711606561442 0.0036472583855339485 0
1711606561442 0.003291761454413932 0
1711606561443 0.0029709140830064505 0
1711606561444 0.002681347460833052 0
1711606561445 0.0024199953258253913 0
1711606561446 0.0021841212757851376 0
1711606561446 0.0019712339353738224 0
1711606561447 0.0017790980863672333 0
1711606561448 0.001605693694108176 0
1711606561449 0.00144918533003312 0
1711606561450 0.0013079327376087173 0
1711606561450 0.001180456106164585 0
1711606561451 0.0010653975452983798 0
1711606561452 0.0009615570156595323 0
1711606561453 0.0008678358825733614 0
1711606561454 0.0007832538238756719 0
1711606561454 0.000706911653130876 0
1711606561455 0.0006380127183185317 0
1711606561456 0.0005758307465890676 0
1711606561457 0.0005197081160720274 0
1711606561458 0.0004690575235847005 0
1711606561458 0.0004233411343544012 0
1711606561459 0.00038208126867434394 0
1711606561460 0.0003448435087732884 0
1711606561461 0.00031123684485179025 0
1711606561462 0.00028090334280703855 0
1711606561462 0.0002535273531332033 0
1711606561463 0.00022881859090633752 0
1711606561464 0.00020651939748461974 0
1711606561465 0.000186394021994721 0
1711606561465 0.00016822934729320078 0
1711606561466 0.00015183569471193212 0
1711606561467 0.00013704068897892657 0
1711606561468 0.00012368642459074195 0
1711606561469 0.00011163433805113538 0
1711606561469 0.00010075642378873443 0
1711606561470 9.093885524580416e-05 0
1711606561471 8.207804684346659e-05 0
1711606561472 7.408140483829697e-05 0
1711606561472 6.686419315409454e-05 0
