1711606492305 1.863100344109237 0
1711606492306 1.8262646571978578 0
1711606492307 1.7907948098553568 0
1711606492308 1.7553993297672659 0
1711606492308 1.7208989371622379 0
1711606492309 1.6870154637510542 0
1711606492310 1.653717877490394 0
1711606492311 1.6241098948435342 0
1711606492312 1.5919017642314774 0
1711606492313 1.5603491181011673 0
1711606492313 1.5297604796339803 0
1711606492314 1.4997026669693712 0
1711606492315 1.4700743202075954 0
1711606492316 1.4410414729226717 0
1711606492316 1.4124835304822556 0
1711606492317 1.3845733850031299 0
1711606492318 1.3573611172664848 0
1711606492319 1.3306189785426077 0
1711606492320 1.304266875705528 0
1711606492321 1.2784035759400423 0
1711606492321 1.2531196424839233 0
1711606492322 1.2301862450379564 0
1711606492323 1.2060674253329395 0
1711606492324 1.1826397741188648 0
1711606492325 1.1600408332802854 0
1711606492325 1.137215818990348 0
1711606492326 1.1148404301855763 0
1711606492327 1.0927373650126753 0
1711606492328 1.0711751341387388 0
1711606492329 1.0499810191082866 0
1711606492330 1.0292447460525815 0
1711606492330 1.0089191355919584 0
1711606492331 0.9890772526054248 0
1711606492332 0.9697006948099081 0
1711606492333 0.9505888813793387 0
1711606492334 0.9317412830907985 0
1711606492334 0.9133315167577098 0
1711606492335 0.8953000958135622 0
1711606492336 0.8783866835790912 0
1711606492337 0.8610768619961316 0
1711606492337 0.8439962210614094 0
1711606492338 0.8273797411902123 0
1711606492339 0.8109559514540422 0
1711606492340 0.7948599639752666 0
1711606492341 0.7793649881478799 0
1711606492341 0.7639704491834923 0
1711606492342 0.7493409274506967 0
1711606492343 0.7344748193412293 0
1711606492344 0.7198872513628602 0
1711606492345 0.705635114655418 0
1711606492346 0.6916735043310281 0
1711606492346 0.6780281525955346 0
1711606492347 0.6645985426189625 0
1711606492348 0.6514446899685237 0
1711606492349 0.6386363770940837 0
1711606492350 0.6261274395844081 0
1711606492350 0.6140743416311012 0
1711606492351 0.6020210514133725 0
1711606492352 0.5902895848231391 0
1711606492352 0.5786976664306883 0
1711606492353 0.5673045932637707 0
1711606492354 0.5560499029249233 0
1711606492355 0.5450999055650957 0
1711606492355 0.5343737542851468 0
1711606492356 0.5237891335876862 0
1711606492357 0.5149532665435629 0
1711606492358 0.5049049915113507 0
1711606492358 0.49502627340269884 0
1711606492359 0.48662058724376034 0
1711606492360 0.47697807662102865 0
1711606492361 0.46759144750167514 0
1711606492361 0.4583340996760734 0
1711606492362 0.4494330900835125 0
1711606492363 0.44052662068232323 0
1711606492364 0.43178757518223887 0
1711606492364 0.42338773630352694 0
1711606492365 0.41499816912927256 0
1711606492366 0.4067841744506112 0
1711606492367 0.39929144058337224 0
1711606492367 0.39139180666816775 0
1711606492368 0.3836534608354381 0
1711606492369 0.3760839111442844 0
1711606492370 0.3686858164674857 0
1711606492370 0.36137560843343397 0
1711606492371 0.3542155974477651 0
1711606492372 0.34719896504335346 0
1711606492373 0.34045424187702544 0
1711606492373 0.33375445801044484 0
1711606492374 0.32713619769194097 0
1711606492375 0.32093255978866425 0
1711606492376 0.3145978094161816 0
1711606492376 0.30839184466317204 0
1711606492377 0.3023233425486347 0
1711606492378 0.29634922374350703 0
1711606492379 0.29054181734741114 0
1711606492380 0.2848206130576144 0
1711606492380 0.27928891832060093 0
1711606492381 0.2738201115671689 0
1711606492382 0.26857494703411766 0
1711606492383 0.263244800347165 0
