1711606500633 1.8629562043156473 0
1711606500634 1.8258926819641288 0
1711606500634 1.7895666427590127 0
1711606500635 1.7539634407200104 0
1711606500636 1.7190686501770884 0
1711606500637 1.6848680834213376 0
1711606500638 1.6513477650960573 0
1711606500639 1.6184943673478203 0
1711606500639 1.586294875460988 0
1711606500640 1.5547356982943383 0
1711606500641 1.5238046019710922 0
1711606500642 1.4934885625673724 0
1711606500642 1.4637760157359818 0
1711606500643 1.434654241000346 0
1711606500644 1.4061121593587647 0
1711606500644 1.3781376104519312 0
1711606500645 1.350720074861323 0
1711606500646 1.3238476767431215 0
1711606500647 1.2975100197471996 0
1711606500647 1.2716963399477912 0
1711606500648 1.2463959750237636 0
1711606500649 1.2215993011152673 0
1711606500649 1.1972958053328617 0
1711606500650 1.1734756682355785 0
1711606500651 1.1501300109552564 0
1711606500651 1.1272483739190335 0
1711606500652 1.1048218834309629 0
1711606500653 1.0828416800464173 0
1711606500654 1.0612979722235731 0
1711606500654 1.0401838704991992 0
1711606500655 1.019488876662222 0
1711606500656 0.9992067314131111 0
1711606500656 0.979327026896247 0
1711606500657 0.9598434079623778 0
1711606500658 0.940747482782229 0
1711606500658 0.922031066540791 0
1711606500659 0.9036873504263004 0
1711606500660 0.8857081055871879 0
1711606500661 0.8680873247609339 0
1711606500661 0.8508163801988602 0
1711606500662 0.8338893364426943 0
1711606500663 0.8172995391684941 0
1711606500663 0.8010390733930464 0
1711606500664 0.7851021861115903 0
1711606500665 0.7694826915182537 0
1711606500665 0.7541737743188632 0
1711606500666 0.7391694158547626 0
1711606500667 0.7244638117372801 0
1711606500668 0.7100506219593224 0
1711606500668 0.6959240443125521 0
1711606500669 0.6820787606651063 0
1711606500670 0.6685087058714606 0
1711606500670 0.6552089513809033 0
1711606500671 0.6421736247109575 0
1711606500672 0.6293978684895628 0
1711606500672 0.6168758277914451 0
1711606500673 0.604603133474494 0
1711606500674 0.592574435787825 0
1711606500675 0.5807853668342844 0
1711606500675 0.5692306676994614 0
1711606500676 0.5579057042381194 0
1711606500677 0.5468063369040574 0
1711606500677 0.5359276450754856 0
1711606500678 0.5252655187089559 0
1711606500679 0.514815284040544 0
1711606500680 0.5045729630426303 0
1711606500680 0.49453463437834744 0
1711606500681 0.4846958654910166 0
1711606500682 0.47505296156642385 0
1711606500682 0.4656018705941011 0
1711606500683 0.4563386608639669 0
1711606500684 0.4472598284343501 0
1711606500684 0.4383617217949973 0
1711606500685 0.42964056887382157 0
1711606500686 0.4210930032673885 0
1711606500686 0.4127153795214723 0
1711606500687 0.4045044954007939 0
1711606500688 0.396457009175912 0
1711606500689 0.3885694694243914 0
1711606500689 0.3808389633198193 0
1711606500690 0.3732622272084401 0
1711606500691 0.3658362900995073 0
1711606500691 0.3585580229733446 0
1711606500692 0.3514246510286644 0
1711606500693 0.34443309937842764 0
1711606500693 0.33758067270866604 0
1711606500694 0.33086462645898346 0
1711606500695 0.3242820942660714 0
1711606500696 0.3178306228534263 0
1711606500696 0.31150738892732954 0
1711606500697 0.30530999577869017 0
1711606500698 0.2992359394075462 0
1711606500698 0.29328264076818494 0
1711606500699 0.287447714763195 0
1711606500700 0.2817289043457996 0
1711606500700 0.27612402089145616 0
1711606500701 0.27063050361753854 0
1711606500702 0.2652463084282399 0
1711606500703 0.25996929814391695 0
1711606500703 0.2547971977530235 0
