1711606455347 1.863690826676114 0
1711606455348 1.8273461714020678 0
1711606455348 1.791722470102748 0
1711606455349 1.7568126855107629 0
1711606455350 1.722584219817158 0
1711606455351 1.6890419903905098 0
1711606455352 1.6561525226789342 0
1711606455352 1.6239162872843043 0
1711606455353 1.5923091891257934 0
1711606455354 1.5613302525148198 0
1711606455355 1.5309470426111516 0
1711606455355 1.5011658591335142 0
1711606455356 1.4719675397708492 0
1711606455357 1.443338431801911 0
1711606455358 1.4152692190727443 0
1711606455358 1.387744721374341 0
1711606455359 1.36076617741909 0
1711606455360 1.3343100983896337 0
1711606455360 1.3083666438935542 0
1711606455361 1.2829344965142728 0
1711606455362 1.2579976705661597 0
1711606455363 1.233548219427043 0
1711606455363 1.2095707724277727 0
1711606455364 1.1860718943591821 0
1711606455365 1.1630249773873433 0
1711606455366 1.1404335869801363 0
1711606455366 1.1182858706816798 0
1711606455367 1.09655981370115 0
1711606455368 1.0752406819449127 0
1711606455369 1.054374290202291 0
1711606455369 1.0338856176056508 0
1711606455370 1.0138056359969978 0
1711606455371 0.9941449456995289 0
1711606455372 0.9748377570574795 0
1711606455372 0.9558972867592385 0
1711606455373 0.9373375532052208 0
1711606455374 0.9191314718381767 0
1711606455375 0.9013073403172864 0
1711606455375 0.8838023535287508 0
1711606455376 0.8666387238580762 0
1711606455377 0.8498142232775378 0
1711606455377 0.8333257575857109 0
1711606455378 0.8171603170673641 0
1711606455379 0.8013007735968025 0
1711606455380 0.7857443764909453 0
1711606455380 0.7705016445811314 0
1711606455381 0.755547712484989 0
1711606455382 0.7409115265779126 0
1711606455383 0.7265213984451134 0
1711606455383 0.7124250408757291 0
1711606455384 0.698608966660158 0
1711606455385 0.6850490337421652 0
1711606455385 0.6717673880838408 0
1711606455386 0.658733636194644 0
1711606455387 0.6459756598179941 0
1711606455388 0.6334389804903781 0
1711606455388 0.6211511532632462 0
1711606455389 0.6091046196960939 0
1711606455390 0.5972945597488049 0
1711606455391 0.5857284043914943 0
1711606455391 0.5743734277373487 0
1711606455392 0.5632332798865002 0
1711606455393 0.5523304726973146 0
1711606455393 0.5416225769021092 0
1711606455394 0.5311252444598531 0
1711606455395 0.520837019654206 0
1711606455396 0.5107403241790632 0
1711606455396 0.5008585155396886 0
1711606455397 0.49115090467565825 0
1711606455398 0.48162342549975934 0
1711606455398 0.4722917775338304 0
1711606455399 0.46315393229634066 0
1711606455400 0.45418090668076155 0
1711606455401 0.44537243414318384 0
1711606455401 0.4367469616015118 0
1711606455402 0.4282747571951093 0
1711606455403 0.419978161872763 0
1711606455404 0.41185351462153597 0
1711606455404 0.4038704202172351 0
1711606455405 0.3960451243015915 0
1711606455406 0.38837011864927623 0
1711606455406 0.38085356048355234 0
1711606455407 0.37348197844797604 0
1711606455408 0.3662539491097085 0
1711606455409 0.3591514709924886 0
1711606455409 0.35219594574024415 0
1711606455410 0.3453808606462299 0
1711606455411 0.33869415846439094 0
1711606455411 0.3321370618694258 0
1711606455412 0.3257014367113136 0
1711606455413 0.3194010637511738 0
1711606455414 0.3132162575268805 0
1711606455414 0.3071478420642762 0
1711606455415 0.3012102199891279 0
1711606455416 0.29538322713992143 0
1711606455417 0.28966670154216057 0
1711606455417 0.2840634247228851 0
1711606455418 0.27856910998248124 0
1711606455419 0.27317304962247296 0
1711606455420 0.2678846908258517 0
