1711606627148 1.5402608484373188 0
1711606627149 1.2480824916888895 0
1711606627150 1.011093679243634 0
1711606627150 0.8192535817957654 0
1711606627152 0.663666773934802 0
1711606627152 0.5376895238075123 0
1711606627153 0.43557377583448187 0
1711606627154 0.35287218243590823 0
1711606627155 0.28586783687205414 0
1711606627156 0.23174638060502156 0
1711606627156 0.18773642578745814 0
1711606627157 0.15212948085802583 0
1711606627158 0.12324706328516108 0
1711606627159 0.09986240140394984 0
1711606627159 0.08095188775587307 0
1711606627160 0.0655834651314224 0
1711606627161 0.053132157496402904 0
1711606627162 0.04305486706299254 0
1711606627162 0.034886699056600384 0
1711606627164 0.028267402943745558 0
1711606627164 0.022904991046397843 0
1711606627166 0.018563399441425762 0
1711606627167 0.015048891303254276 0
1711606627168 0.012216968188133906 0
1711606627168 0.009901270201974252 0
1711606627169 0.00802595147306342 0
1711606627170 0.0065071991660216435 0
1711606627171 0.0052759628448621025 0
1711606627172 0.004282471889328721 0
1711606627173 0.0034734087765445967 0
1711606627174 0.00281789674735383 0
1711606627175 0.002286860584168108 0
1711606627176 0.0018563856570036569 0
1711606627176 0.0015072510935243302 0
1711606627177 0.0012249982570746792 0
1711606627178 0.0009957533444606675 0
1711606627179 0.0008099998070335526 0
1711606627180 0.0006599267542026532 0
1711606627181 0.0005376041591640559 0
1711606627182 0.0004386782884156994 0
1711606627184 0.00035843144207079684 0
1711606627184 0.0002934296288064132 0
1711606627186 0.000240706146717022 0
1711606627187 0.00019799121115510564 0
1711606627188 0.00016330429320192386 0
1711606627189 0.00013512086133082063 0
1711606627190 0.00011217755300135931 0
1711606627191 9.358704626522642e-05 0
1711606627192 7.857217171292167e-05 0
1711606627193 6.632228882837747e-05 0
1711606627194 5.641764758191398e-05 0
1711606627195 4.8356995300207393e-05 0
1711606627196 4.175716990223555e-05 0
1711606627197 3.639016996913764e-05 0
1711606627197 3.1994217158156284e-05 0
1711606627198 2.8388610758727454e-05 0
1711606627199 2.54509083492495e-05 0
1711606627200 2.3037223419037902e-05 0
1711606627202 2.1104061056722788e-05 0
1711606627203 1.9473430022709903e-05 0
1711606627204 1.8127654538573038e-05 0
1711606627204 1.7031997682548772e-05 0
1711606627205 1.6088425114409887e-05 0
1711606627206 1.53059709338855e-05 0
1711606627207 1.463051570159543e-05 0
1711606627208 1.4027687974810087e-05 0
1711606627209 1.3511400353991991e-05 0
1711606627209 1.3110905751361539e-05 0
1711606627210 1.2781569749433132e-05 0
1711606627211 1.2508642221276267e-05 0
1711606627212 1.2272718052424785e-05 0
1711606627213 1.2029859303620148e-05 0
1711606627214 1.1746596733081108e-05 0
1711606627214 1.1597434213056577e-05 0
1711606627215 1.1444318789102715e-05 0
1711606627216 1.1253038228074366e-05 0
1711606627217 1.1102272986976614e-05 0
1711606627218 1.0975908504186067e-05 0
1711606627218 1.0857439868083566e-05 0
1711606627219 1.0768693552356243e-05 0
1711606627220 1.063957182767796e-05 0
1711606627221 1.0552623642865505e-05 0
1711606627222 1.0437439201301123e-05 0
1711606627223 1.0323504934004884e-05 0
1711606627223 1.0253830544179853e-05 0
1711606627224 1.017498926646339e-05 0
1711606627225 1.0119250474527957e-05 0
1711606627226 1.0008105002459662e-05 0
1711606627226 9.942007478276774e-06 0
1711606627227 9.821533187652339e-06 0
1711606627228 9.68844748497527e-06 0
1711606627229 9.662238129647016e-06 0
1711606627230 9.602923775354368e-06 0
1711606627230 9.518062125827262e-06 0
1711606627231 9.43846276200525e-06 0
1711606627232 9.375450970716892e-06 0
1711606627233 9.319748367976863e-06 0
1711606627233 9.257713121282865e-06 0
1711606627234 9.197950860189055e-06 0
1711606627235 9.175196553697994e-06 0
