1711606545229 1.7156525209101294 0
1711606545230 1.5485744415614662 0
1711606545231 1.3977733955618994 0
1711606545232 1.2616494599933434 0
1711606545233 1.1387709483304795 0
1711606545234 1.0278649635742383 0
1711606545234 0.9277624749121083 0
1711606545235 0.8374047232483882 0
1711606545236 0.7558581286741052 0
1711606545237 0.6822537207679783 0
1711606545238 0.6158061849525372 0
1711606545238 0.5558340377435159 0
1711606545239 0.5017072303182228 0
1711606545240 0.4528471380570113 0
1711606545241 0.40874646789967256 0
1711606545242 0.3689431037713987 0
1711606545242 0.33300989540828435 0
1711606545243 0.3005809855684849 0
1711606545244 0.27130892611332585 0
1711606545245 0.24488723840954882 0
1711606545246 0.22104036222403337 0
1711606545246 0.19951453368296757 0
1711606545247 0.18008431243301437 0
1711606545248 0.16254700889931556 0
1711606545249 0.14671766327503477 0
1711606545250 0.13243072637152764 0
1711606545250 0.11953398810544894 0
1711606545251 0.10789474631838719 0
1711606545252 0.09738813336961598 0
1711606545253 0.08790337555131669 0
1711606545254 0.07934313197314942 0
1711606545254 0.07161610803852918 0
1711606545255 0.064641491528098 0
1711606545256 0.05834687243279639 0
1711606545257 0.05266540651553124 0
1711606545258 0.04753651443440912 0
1711606545258 0.042907151311326636 0
1711606545259 0.03872910317569522 0
1711606545260 0.03495746686925975 0
1711606545261 0.03155375946725455 0
1711606545262 0.02848108689114746 0
1711606545262 0.025708152801497304 0
1711606545263 0.023205305879144517 0
1711606545264 0.020945540953523793 0
1711606545265 0.018905907238147997 0
1711606545266 0.01706516702216405 0
1711606545267 0.015403303096249316 0
1711606545268 0.013903425388290772 0
1711606545269 0.012549608573663754 0
1711606545270 0.011327691866303696 0
1711606545271 0.010224857754308076 0
1711606545272 0.009229313658853067 0
1711606545272 0.008330693159834774 0
1711606545273 0.0075196645493725315 0
1711606545274 0.0067875331884134716 0
1711606545275 0.0061267247943882054 0
1711606545276 0.005530286901314914 0
1711606545276 0.004991890606112536 0
1711606545277 0.00450598531095111 0
1711606545278 0.0040674196848869285 0
1711606545279 0.003671449668507846 0
1711606545279 0.0033140864451791634 0
1711606545280 0.0029914721694259414 0
1711606545281 0.0027002752779911716 0
1711606545282 0.0024374521469320894 0
1711606545282 0.0022001488484559998 0
1711606545283 0.0019859580145433955 0
1711606545284 0.0017926788165448365 0
1711606545285 0.0016181857974462983 0
1711606545285 0.0014607050326771417 0
1711606545286 0.0013185173690268817 0
1711606545287 0.0011901819389440853 0
1711606545288 0.001074374715434155 0
1711606545289 0.0009698092895565571 0
1711606545289 0.0008754269898574786 0
1711606545290 0.0007902557847781605 0
1711606545291 0.0007133558637729886 0
1711606545292 0.0006439669393355014 0
1711606545293 0.0005813126091685699 0
1711606545293 0.0005247558885144605 0
1711606545294 0.00047369982139154496 0
1711606545295 0.0004276182931947357 0
1711606545296 0.00038602660191500567 0
1711606545296 0.0003484825201829898 0
1711606545297 0.0003146006856925563 0
1711606545298 0.000284011051160302 0
1711606545299 0.0002564040781356502 0
1711606545299 0.00023148582652336017 0
1711606545300 0.0002089870058665411 0
1711606545301 0.0001886868311226906 0
1711606545302 0.0001703523841657115 0
1711606545303 0.00015380394685954955 0
1711606545303 0.00013887036514278792 0
1711606545304 0.0001253865343182708 0
1711606545305 0.00011321586892288774 0
1711606545306 0.00010223077206128384 0
1711606545306 9.231286308839002e-05 0
1711606545307 8.336108508245663e-05 0
1711606545308 7.528244239836644e-05 0
1711606545309 6.798802673664019e-05 0
