1711606595278 1.5449442773797095 0
1711606595279 1.256064875344478 0
1711606595280 1.0232859569864035 0
1711606595281 0.8354018904883718 0
1711606595282 0.6780740172515879 0
1711606595283 0.549935746986412 0
1711606595284 0.4482194179128383 0
1711606595285 0.3671375712614693 0
1711606595285 0.2984576599986345 0
1711606595286 0.24314640130507215 0
1711606595287 0.1990747294160073 0
1711606595288 0.16301588732040787 0
1711606595289 0.13244146592529055 0
1711606595290 0.10769462466412194 0
1711606595291 0.08775924181153884 0
1711606595291 0.07131488124649457 0
1711606595292 0.05811733364490846 0
1711606595293 0.04728851330860149 0
1711606595294 0.03846587580246576 0
1711606595295 0.03135412160605944 0
1711606595295 0.025531738981222952 0
1711606595296 0.020836358517070764 0
1711606595297 0.016994948248934213 0
1711606595298 0.013926558894442538 0
1711606595298 0.011395499636290348 0
1711606595299 0.009378448131824499 0
1711606595300 0.0077398528475368265 0
1711606595301 0.006368417532515963 0
1711606595302 0.0052456150925434064 0
1711606595302 0.004332984216564497 0
1711606595303 0.003579031770902846 0
1711606595304 0.0029772323031775605 0
1711606595305 0.002477695300064503 0
1711606595306 0.002067474372812368 0
1711606595306 0.0017382833366331014 0
1711606595307 0.0014729596175428845 0
1711606595308 0.0012585122170275186 0
1711606595309 0.0010707665425158735 0
1711606595310 0.0009198375769714405 0
1711606595310 0.0007922941485892894 0
1711606595311 0.0006893396963342722 0
1711606595312 0.0006044576605781909 0
1711606595313 0.0005366595997689066 0
1711606595313 0.0004801772736328777 0
1711606595314 0.0004364336385497414 0
1711606595315 0.0003999601366356223 0
1711606595316 0.0003682950239108072 0
1711606595317 0.00034231441743801707 0
1711606595317 0.0003203566168046638 0
1711606595318 0.0003015270537546936 0
1711606595319 0.0002852518627072601 0
1711606595320 0.00027370808153965123 0
1711606595321 0.00026172791681486416 0
1711606595321 0.000252091888294104 0
1711606595322 0.00024314621756486152 0
1711606595323 0.00023554001664499868 0
1711606595324 0.00022792297733644564 0
1711606595325 0.00022214720480707095 0
1711606595325 0.00021714075980216462 0
1711606595326 0.00021339964521185074 0
1711606595327 0.00020847064485743244 0
1711606595328 0.00020338832222811673 0
1711606595329 0.00019964616177977232 0
1711606595330 0.00019748902816669648 0
1711606595330 0.00019420148560261936 0
1711606595331 0.00019280517338663645 0
1711606595332 0.0001905317570033736 0
1711606595333 0.00018942692868625748 0
1711606595334 0.00018770290393588343 0
1711606595334 0.00018612178042842634 0
1711606595335 0.00018423300350001035 0
1711606595336 0.0001802294413214376 0
1711606595337 0.00017757990096234474 0
1711606595337 0.00017640784128692156 0
1711606595338 0.0001741787179810227 0
1711606595339 0.000172489684838223 0
1711606595340 0.0001712566922175671 0
1711606595340 0.00016969446080828524 0
1711606595341 0.0001682669758860519 0
1711606595342 0.00016706211658217723 0
1711606595343 0.00016671642751810408 0
1711606595344 0.00016485455522516207 0
1711606595344 0.00016337100347302936 0
1711606595345 0.00016270123845287646 0
1711606595346 0.00016189650753431755 0
1711606595347 0.00016114138929920787 0
1711606595347 0.0001602796607967534 0
1711606595348 0.00016008376424622676 0
1711606595349 0.00015736809739927779 0
1711606595350 0.0001565826965513702 0
1711606595351 0.00015632827609842368 0
1711606595351 0.00015594828108956007 0
1711606595352 0.00015528053834270775 0
1711606595353 0.0001546036367081579 0
1711606595354 0.00015378380146950705 0
1711606595354 0.00015337968224792077 0
1711606595356 0.0001531595776924104 0
1711606595357 0.00015257412093476288 0
1711606595358 0.0001517981149082211 0
1711606595358 0.00015131349376908829 0
