1711606523515 1.7436189872441865 0
1711606523515 1.5857677393670189 0
1711606523516 1.4366565891131722 0
1711606523517 1.2996997674101127 0
1711606523518 1.1759508610383245 0
1711606523519 1.0700297911541758 0
1711606523520 0.9704694925924157 0
1711606523520 0.8931437394840854 0
1711606523521 0.8105797809611945 0
1711606523522 0.7364622408244641 0
1711606523523 0.711641715966132 0
1711606523524 0.6483363151539957 0
1711606523524 0.5869716902307941 0
1711606523525 0.5326825935062293 0
1711606523526 0.4851813822190298 0
1711606523527 0.4427436298712359 0
1711606523528 0.4078231428152152 0
1711606523528 0.3717090326992336 0
1711606523529 0.34246475037779156 0
1711606523530 0.31162666155889895 0
1711606523531 0.28438239843844165 0
1711606523531 0.262080438435515 0
1711606523532 0.23845213115716196 0
1711606523533 0.21711963833045334 0
1711606523534 0.19940659311209394 0
1711606523535 0.1850298289816889 0
1711606523535 0.16816152779954097 0
1711606523536 0.15332381886061971 0
1711606523537 0.14081836363292782 0
1711606523538 0.12820993664527672 0
1711606523538 0.11668574040926764 0
1711606523539 0.10610546180452442 0
1711606523540 0.09664087412718296 0
1711606523541 0.08853258025383234 0
1711606523542 0.0810889279630899 0
1711606523542 0.07394865346595447 0
1711606523543 0.06856466026892402 0
1711606523544 0.06275100082080155 0
1711606523545 0.057602407397728504 0
1711606523545 0.0525866782901532 0
1711606523546 0.048072409036322594 0
1711606523547 0.044666240182900996 0
1711606523548 0.0414368746746511 0
1711606523549 0.038301069446560115 0
1711606523549 0.03544849860450563 0
1711606523550 0.03266849466025891 0
1711606523551 0.030025247682431904 0
1711606523552 0.02758386903837407 0
1711606523553 0.025979971482434295 0
1711606523553 0.023898592598070326 0
1711606523554 0.022452325429990927 0
1711606523555 0.020889097926972307 0
1711606523556 0.019329144262847604 0
1711606523556 0.017946878906638396 0
1711606523557 0.016640549686191115 0
1711606523558 0.015409936154895667 0
1711606523559 0.014314543940902114 0
1711606523560 0.013336166687664209 0
1711606523560 0.012776567593908248 0
1711606523561 0.011885516827055463 0
1711606523562 0.011077791890145215 0
1711606523563 0.010326355497663496 0
1711606523564 0.00965829471430297 0
1711606523564 0.00904610417643553 0
1711606523565 0.008473957559161763 0
1711606523566 0.007964865368684248 0
1711606523567 0.007480578122475968 0
1711606523568 0.007050578062835258 0
1711606523568 0.006646298256905646 0
1711606523569 0.006278987413493702 0
1711606523570 0.005961651573817909 0
1711606523571 0.005632091448071201 0
1711606523571 0.005343970877177151 0
1711606523572 0.005201199976186267 0
1711606523573 0.004959802217283441 0
1711606523574 0.004722967370476928 0
1711606523575 0.00451312834706542 0
1711606523575 0.004317357713162832 0
1711606523576 0.004124191201582199 0
1711606523577 0.003947606012386174 0
1711606523578 0.003785406941556382 0
1711606523578 0.0036431241436342956 0
1711606523579 0.003483548711780582 0
1711606523580 0.003359150695445619 0
1711606523581 0.0032452153403768184 0
1711606523582 0.003117934035275598 0
1711606523582 0.0030128797677013157 0
1711606523583 0.0029052554360298917 0
1711606523584 0.0028181624206737497 0
1711606523585 0.002735643464282769 0
1711606523586 0.0026608477071668486 0
1711606523586 0.00259298736292393 0
1711606523587 0.002523921809841685 0
1711606523588 0.002461149808564054 0
1711606523589 0.0023997793244990005 0
1711606523590 0.0023443229775852955 0
1711606523591 0.0022782641924973535 0
1711606523591 0.0022279155305425197 0
1711606523592 0.002181232894285555 0
1711606523593 0.0021465451632931044 0
