1711606635446 1.5433937827375381 0
1711606635447 1.2546572159574412 0
1711606635448 1.0174280821541164 0
1711606635449 0.8251336389403027 0
1711606635450 0.6700587354907458 0
1711606635451 0.5465233429021018 0
1711606635452 0.44395948440321537 0
1711606635452 0.3603412609557124 0
1711606635453 0.29366828674397 0
1711606635454 0.2385966087116986 0
1711606635455 0.19356418815620668 0
1711606635456 0.1571714439423113 0
1711606635456 0.12750992783741133 0
1711606635457 0.10367057740029408 0
1711606635458 0.08414327843324877 0
1711606635459 0.06848826896947185 0
1711606635460 0.05565577409072122 0
1711606635460 0.045201263105163106 0
1711606635461 0.03677992582386699 0
1711606635462 0.02987963012483446 0
1711606635463 0.024297269058477233 0
1711606635464 0.01975278774938482 0
1711606635464 0.01608520122508817 0
1711606635465 0.013172321874151323 0
1711606635466 0.010803631103251388 0
1711606635467 0.008842265919216026 0
1711606635468 0.007253750179014225 0
1711606635468 0.005987675576069082 0
1711606635469 0.004908965323654205 0
1711606635470 0.004029981052598677 0
1711606635471 0.0033209810260566956 0
1711606635472 0.0027594210251038194 0
1711606635472 0.002287113808336522 0
1711606635473 0.001898548930277571 0
1711606635474 0.0015847661683854263 0
1711606635475 0.001332506948825253 0
1711606635475 0.0011266801778252178 0
1711606635476 0.000956650700085063 0
1711606635477 0.0008172014602825385 0
1711606635478 0.0007098239359467022 0
1711606635479 0.0006149792049528286 0
1711606635479 0.0005369222409533481 0
1711606635480 0.0004723115633842071 0
1711606635481 0.00041960485867323133 0
1711606635482 0.0003764650804604045 0
1711606635483 0.0003404775240468489 0
1711606635483 0.0003114977466312866 0
1711606635484 0.0002858617303543735 0
1711606635485 0.00026508890287647564 0
1711606635486 0.0002483057197725249 0
1711606635486 0.00023460318296049891 0
1711606635487 0.00022279100299924282 0
1711606635488 0.00021290392330018326 0
1711606635489 0.00020444041758316747 0
1711606635490 0.00019724621554896232 0
1711606635490 0.0001913514411614998 0
1711606635491 0.0001858508745487631 0
1711606635492 0.00018077660628913828 0
1711606635493 0.00017647161955443378 0
1711606635494 0.0001727891976730244 0
1711606635494 0.00016969964997017056 0
1711606635495 0.00016647355294736668 0
1711606635496 0.00016428812341021215 0
1711606635497 0.00016195280436910974 0
1711606635498 0.0001583564657871542 0
1711606635499 0.00015671924962208566 0
1711606635499 0.0001544792591745944 0
1711606635500 0.00015291958917085862 0
1711606635501 0.00015178116508334692 0
1711606635502 0.0001504751507616399 0
1711606635502 0.00014919348204556584 0
1711606635503 0.00014832314598667661 0
1711606635504 0.0001468700182657474 0
1711606635505 0.0001459504949345993 0
1711606635506 0.00014457959523183814 0
1711606635507 0.00014378553486980714 0
1711606635507 0.00014307209891384912 0
1711606635508 0.00014206327581868763 0
1711606635509 0.00014126025595897975 0
1711606635510 0.00014085555659170985 0
1711606635511 0.00014032397728544496 0
1711606635511 0.00013945512088500632 0
1711606635512 0.00013814058784454138 0
1711606635513 0.00013743973154616915 0
1711606635514 0.00013703115245871134 0
1711606635515 0.0001357284031192199 0
1711606635515 0.00013479307597749114 0
1711606635516 0.0001335452076383401 0
1711606635517 0.00013297984227683734 0
1711606635518 0.00013273551013643904 0
1711606635519 0.00013248902493847922 0
1711606635520 0.0001321555817468096 0
1711606635520 0.00013138550087024963 0
1711606635521 0.00013087965371101615 0
1711606635522 0.0001306733528777962 0
1711606635523 0.00013018923036808584 0
1711606635524 0.00012955885482903782 0
1711606635524 0.00012919209210242953 0
1711606635525 0.00012894006295353816 0
1711606635526 0.00012804267671349273 0
