1711606570310 1.7156928224896386 0
1711606570311 1.5498091727028362 0
1711606570312 1.3991818662296227 0
1711606570312 1.2632428246124916 0
1711606570313 1.1404850869256657 0
1711606570314 1.0297205461122259 0
1711606570315 0.9297321474948554 0
1711606570316 0.8395522722602635 0
1711606570317 0.7581973410704085 0
1711606570317 0.6848016028157344 0
1711606570318 0.6183122216006268 0
1711606570319 0.5583665107459371 0
1711606570320 0.5046033381887628 0
1711606570321 0.45577277599388233 0
1711606570322 0.41149073040780115 0
1711606570323 0.37143920529902574 0
1711606570324 0.3360304003979027 0
1711606570324 0.3038306249707897 0
1711606570325 0.27433688231600456 0
1711606570326 0.24763890150175563 0
1711606570327 0.22352291239276897 0
1711606570327 0.20193754025334737 0
1711606570328 0.1823532524401711 0
1711606570329 0.16460818074155859 0
1711606570330 0.14860313942389194 0
1711606570331 0.13418559885459466 0
1711606570332 0.12112490071874013 0
1711606570333 0.10934961991060073 0
1711606570333 0.098705414925614 0
1711606570334 0.08916483633805439 0
1711606570335 0.08053426608694943 0
1711606570336 0.07270254360846629 0
1711606570336 0.06573744201227971 0
1711606570337 0.0596424711760827 0
1711606570338 0.05384213504262302 0
1711606570339 0.04872994443907047 0
1711606570340 0.0440573270887235 0
1711606570340 0.039796329045978435 0
1711606570341 0.03611022882780461 0
1711606570342 0.03260480538419621 0
1711606570343 0.02943778241335525 0
1711606570343 0.026584300659258642 0
1711606570344 0.02400633927194636 0
1711606570345 0.021677656000301276 0
1711606570346 0.019580088207219418 0
1711606570346 0.017684651328893065 0
1711606570348 0.01598301666105932 0
1711606570349 0.014467509072828861 0
1711606570350 0.013071840656009682 0
1711606570350 0.011808615146398452 0
1711606570351 0.01066902433956577 0
1711606570352 0.009637824447900897 0
1711606570353 0.008713035241336759 0
1711606570354 0.007874535021494915 0
1711606570354 0.007116219023043916 0
1711606570355 0.006442192355437602 0
1711606570356 0.0058347225534014354 0
1711606570356 0.005275607987216881 0
1711606570357 0.004768814040020024 0
1711606570358 0.0043127787989827825 0
1711606570359 0.0038995670324370024 0
1711606570359 0.0035266705904390175 0
1711606570360 0.0031902562272626248 0
1711606570361 0.0028944928613042382 0
1711606570362 0.0026207393095704413 0
1711606570362 0.002371946177076771 0
1711606570363 0.0021483592987535387 0
1711606570364 0.001946311451746939 0
1711606570365 0.0017636705811375356 0
1711606570365 0.0016021514156704482 0
1711606570366 0.0014536359185720012 0
1711606570367 0.0013188641247766665 0
1711606570368 0.00119638992624874 0
1711606570368 0.0010870371992050556 0
1711606570369 0.000988291248971948 0
1711606570370 0.0008976583646154362 0
1711606570371 0.0008159914217468929 0
1711606570372 0.0007420476585865925 0
1711606570373 0.0006754675921036936 0
1711606570374 0.0006154074872004887 0
1711606570375 0.0005613355764560313 0
1711606570375 0.0005123078984293627 0
1711606570376 0.0004692168486000853 0
1711606570377 0.0004285561336704709 0
1711606570378 0.0003920150477597763 0
1711606570379 0.0003590737224200306 0
1711606570379 0.0003292047731748326 0
1711606570380 0.0003020875981397115 0
1711606570381 0.000277559235149081 0
1711606570382 0.0002552546948997705 0
1711606570383 0.00023530152560830776 0
1711606570384 0.00021727683187436 0
1711606570385 0.00020097905346908845 0
1711606570385 0.00018614154007870118 0
1711606570386 0.0001726587786491669 0
1711606570387 0.00016047560930664096 0
1711606570388 0.0001493907432193774 0
1711606570389 0.00013933568534984448 0
1711606570389 0.0001302072744192457 0
1711606570390 0.00012199681878756581 0
