1711606618018 1.572662377760446 0
1711606618019 1.2762050572574815 0
1711606618020 1.0504282301933054 0
1711606618021 0.8546212135601787 0
1711606618022 0.6938152760804073 0
1711606618023 0.5633455585554409 0
1711606618025 0.457847493348327 0
1711606618026 0.3718677086796854 0
1711606618027 0.30352774671197624 0
1711606618028 0.24899724225392153 0
1711606618029 0.20219207711232928 0
1711606618030 0.16869802967522568 0
1711606618031 0.1374502156483361 0
1711606618032 0.11261441900848244 0
1711606618034 0.0925702811165866 0
1711606618035 0.0755804681379921 0
1711606618036 0.06159553051074885 0
1711606618038 0.05024986406010187 0
1711606618039 0.04102289905723575 0
1711606618040 0.03382479933823661 0
1711606618042 0.027785285791778476 0
1711606618043 0.022837791766200863 0
1711606618044 0.018849040222080466 0
1711606618045 0.015585678830322079 0
1711606618046 0.013040388099409226 0
1711606618046 0.010903699985378408 0
1711606618047 0.00938713121337025 0
1711606618048 0.00783495340749752 0
1711606618049 0.006566441476870048 0
1711606618050 0.005554703491133233 0
1711606618051 0.004715889438867986 0
1711606618052 0.004036518505177996 0
1711606618052 0.0034785385816666586 0
1711606618053 0.003038199916214591 0
1711606618054 0.0027198555679087888 0
1711606618055 0.0024000005775004986 0
1711606618056 0.002118453396971524 0
1711606618057 0.0019121910982008317 0
1711606618058 0.0017301536361238607 0
1711606618060 0.0016213224695324682 0
1711606618061 0.0014839850365540677 0
1711606618062 0.0013719567713077472 0
1711606618063 0.0012680121843863083 0
1711606618064 0.0011841231926436918 0
1711606618065 0.0011196524086049965 0
1711606618066 0.001064041999200101 0
1711606618068 0.0010098773245357582 0
1711606618069 0.0009709104679973143 0
1711606618070 0.0009364511430705964 0
1711606618071 0.0008974401212669929 0
1711606618072 0.0008646277859147764 0
1711606618073 0.0008350050635369593 0
1711606618074 0.0008131175806481522 0
1711606618075 0.0007893363855033342 0
1711606618075 0.0007694690574564383 0
1711606618076 0.0007536503077305099 0
1711606618077 0.0007397846847292158 0
1711606618078 0.0007276604508087194 0
1711606618079 0.000717483463615724 0
1711606618080 0.0007099715525600886 0
1711606618081 0.0006980605331672004 0
1711606618081 0.0006871496432070137 0
1711606618082 0.0006796941888396231 0
1711606618083 0.000662274472643312 0
1711606618084 0.0006564359380447555 0
1711606618085 0.0006508979120762608 0
1711606618086 0.0006405088796380377 0
1711606618086 0.0006341254852249936 0
1711606618087 0.0006305722249164327 0
1711606618088 0.000621347688055664 0
1711606618089 0.0006120860272232885 0
1711606618090 0.0006074550018436512 0
1711606618091 0.0006030949599678568 0
1711606618092 0.000600160361727222 0
1711606618092 0.000591487451972 0
1711606618093 0.0005822401273196611 0
1711606618094 0.0005777643901894998 0
1711606618095 0.000571509199349598 0
1711606618096 0.0005597540239043197 0
1711606618097 0.0005572355420096168 0
1711606618097 0.000553588093778174 0
1711606618098 0.0005514143767360936 0
1711606618099 0.0005477249966434916 0
1711606618100 0.0005453465117588073 0
1711606618101 0.0005393617546630865 0
1711606618102 0.0005375664683659431 0
1711606618103 0.0005356477487923138 0
1711606618104 0.0005341951505174367 0
1711606618105 0.0005305583059671583 0
1711606618105 0.0005289803127285831 0
1711606618106 0.0005277360191853419 0
1711606618107 0.0005260538589235163 0
1711606618108 0.0005247077286242135 0
1711606618109 0.0005201617094396587 0
1711606618110 0.0005190876030871491 0
1711606618111 0.0005142568177114608 0
1711606618111 0.0005129936728220095 0
1711606618112 0.0005116784062088727 0
1711606618113 0.0005107405608439382 0
1711606618114 0.0005102087036837381 0
