1711606469674 1.863137923256055 0
1711606469675 1.8262524038893104 0
1711606469676 1.7901001051896974 0
1711606469676 1.75466509504688 0
1711606469677 1.7199346541636409 0
1711606469678 1.6858930337927562 0
1711606469679 1.6525253873825891 0
1711606469680 1.6198204419725413 0
1711606469681 1.587762529328152 0
1711606469681 1.5563459101491979 0
1711606469682 1.5255488880300037 0
1711606469683 1.4953583658190912 0
1711606469684 1.4657674109969536 0
1711606469684 1.436764789419396 0
1711606469685 1.4083317676281175 0
1711606469686 1.3804661790887953 0
1711606469687 1.3531490669900088 0
1711606469688 1.3263774403315824 0
1711606469688 1.3001248731473372 0
1711606469689 1.274398512211128 0
1711606469690 1.2491736696501048 0
1711606469691 1.2244572437905201 0
1711606469691 1.2002169087808043 0
1711606469692 1.1764676407445636 0
1711606469693 1.153188389338695 0
1711606469694 1.130359094664508 0
1711606469694 1.1079936523618608 0
1711606469695 1.0860615956081807 0
1711606469696 1.0645638854553876 0
1711606469697 1.0434985190419377 0
1711606469698 1.0228426235976995 0
1711606469698 1.002604828883008 0
1711606469699 0.982752833814035 0
1711606469700 0.9633013583732964 0
1711606469701 0.9442476218010534 0
1711606469701 0.9255518770705077 0
1711606469702 0.9072363535647378 0
1711606469703 0.8892740228644184 0
1711606469704 0.8716836272366443 0
1711606469704 0.8544291938735091 0
1711606469705 0.8375236036699487 0
1711606469706 0.8209393593875587 0
1711606469707 0.8046843795540053 0
1711606469708 0.7887630946241125 0
1711606469708 0.7731571826714297 0
1711606469709 0.7578494175645375 0
1711606469710 0.7428461757410381 0
1711606469711 0.7281490180381415 0
1711606469711 0.7137334946710788 0
1711606469712 0.6996068645664982 0
1711606469713 0.6857665837288619 0
1711606469714 0.6721983562498348 0
1711606469714 0.6588899801473889 0
1711606469715 0.6458487603248011 0
1711606469716 0.6330715673087008 0
1711606469717 0.6205387331682217 0
1711606469718 0.6082560188250461 0
1711606469718 0.5962167364546153 0
1711606469719 0.5844207706446619 0
1711606469720 0.5728532308205201 0
1711606469721 0.5615199337674187 0
1711606469721 0.550409469361462 0
1711606469722 0.5395161495452926 0
1711606469723 0.5288420256089592 0
1711606469724 0.518374581255791 0
1711606469724 0.5081178077639913 0
1711606469725 0.4980658468674795 0
1711606469726 0.48821180638080786 0
1711606469727 0.4785488650517735 0
1711606469727 0.46907816806430447 0
1711606469728 0.45979731429157883 0
1711606469729 0.4507004037755609 0
1711606469730 0.44178433287310015 0
1711606469731 0.4330400702065645 0
1711606469731 0.42447320776150066 0
1711606469732 0.4160724905711248 0
1711606469733 0.40783987053419174 0
1711606469734 0.39977216643634284 0
1711606469734 0.39185974276532654 0
1711606469735 0.3841064648826867 0
1711606469736 0.3765085426643876 0
1711606469737 0.369057759239323 0
1711606469737 0.36175688715116777 0
1711606469738 0.35460022647493084 0
1711606469739 0.3475854051367294 0
1711606469740 0.34070552451289304 0
1711606469741 0.33396572494352056 0
1711606469742 0.32735717620708205 0
1711606469743 0.3208810288465228 0
1711606469744 0.31453054381282686 0
1711606469745 0.3083068027763293 0
1711606469746 0.30220811548084475 0
1711606469747 0.29622756525982336 0
1711606469748 0.2903670392074301 0
1711606469749 0.28462133310824705 0
1711606469750 0.2789894900478013 0
1711606469751 0.2734704027067072 0
1711606469752 0.2680594945362893 0
1711606469752 0.26275568069962146 0
1711606469753 0.25755569248601023 0
