1711606476821 1.8643001600645226 0
1711606476821 1.827847005532479 0
1711606476822 1.7935748083971694 0
1711606476823 1.7631471923150641 0
1711606476824 1.729116153177057 0
1711606476825 1.6950248798358571 0
1711606476825 1.6635282067226767 0
1711606476826 1.630987850720866 0
1711606476827 1.598947388540628 0
1711606476828 1.568448821061406 0
1711606476828 1.537862145492746 0
1711606476829 1.5076919586920066 0
1711606476830 1.4787165760301721 0
1711606476831 1.4505898560701698 0
1711606476832 1.4221985598777391 0
1711606476832 1.3945633655120158 0
1711606476833 1.3686059331872824 0
1711606476834 1.3420194805112804 0
1711606476835 1.3166188027994674 0
1711606476835 1.2906633065337918 0
1711606476836 1.2663870659585834 0
1711606476837 1.2417764876583774 0
1711606476838 1.2173676767815598 0
1711606476838 1.1934117110530886 0
1711606476839 1.1701221582229326 0
1711606476840 1.147607940953426 0
1711606476841 1.1248967315717036 0
1711606476842 1.1028445184418874 0
1711606476842 1.0811293761161114 0
1711606476843 1.0599000143963846 0
1711606476844 1.0395740045881 0
1711606476845 1.0193449386225228 0
1711606476845 0.9997131546113973 0
1711606476846 0.9803613345081637 0
1711606476847 0.9610577933140652 0
1711606476848 0.9428731401994119 0
1711606476849 0.9244640088151258 0
1711606476849 0.9064419287580048 0
1711606476850 0.8885953229057344 0
1711606476851 0.8714751014553126 0
1711606476852 0.8544616508661719 0
1711606476852 0.8377451417836214 0
1711606476853 0.8212152936749155 0
1711606476854 0.8051983311100945 0
1711606476855 0.789540273588784 0
1711606476855 0.7756842191698045 0
1711606476856 0.7604114842362086 0
1711606476857 0.7456200543628386 0
1711606476858 0.7311598043775229 0
1711606476859 0.71696208623661 0
1711606476859 0.7030028832053737 0
1711606476860 0.6895425220538589 0
1711606476861 0.6759961558488425 0
1711606476862 0.6626842792934954 0
1711606476862 0.6498099846073077 0
1711606476863 0.6372135018274644 0
1711606476864 0.6248758601314535 0
1711606476865 0.6125698296446078 0
1711606476865 0.6004539608019446 0
1711606476866 0.5887517958700678 0
1711606476867 0.577194588742711 0
1711606476868 0.5661190258738918 0
1711606476869 0.5549669544704202 0
1711606476869 0.5441251278715294 0
1711606476870 0.5334155534994577 0
1711606476871 0.5230734278972469 0
1711606476872 0.5130248591434632 0
1711606476873 0.5031184254257729 0
1711606476873 0.49322596884117015 0
1711606476874 0.48366118314565903 0
1711606476875 0.47443647791393784 0
1711606476876 0.4651431855684239 0
1711606476876 0.45640474658724606 0
1711606476877 0.4479853234116289 0
1711606476878 0.4392289324551148 0
1711606476879 0.43080929340108565 0
1711606476879 0.4224625289026152 0
1711606476880 0.4141958542335295 0
1711606476881 0.40618636899909294 0
1711606476882 0.39821897961104386 0
1711606476883 0.39040104078453425 0
1711606476884 0.38289018711411005 0
1711606476885 0.3755476617006687 0
1711606476886 0.3686213194175107 0
1711606476886 0.36147122038232093 0
1711606476887 0.3544618909344807 0
1711606476888 0.3476880434331054 0
1711606476889 0.3409056263075373 0
1711606476890 0.33438212293292136 0
1711606476891 0.32784418722201614 0
1711606476892 0.3218440168859119 0
1711606476893 0.3156292056012557 0
1711606476894 0.30994940853961384 0
1711606476895 0.30384527778218473 0
1711606476895 0.29803154298239376 0
1711606476896 0.29249713860842846 0
1711606476897 0.28677352244885596 0
1711606476898 0.2811353352291432 0
1711606476898 0.2763348035425708 0
1711606476899 0.2709199283398966 0
