1711606631345 1.5425323986787827 0
1711606631346 1.2501717543068425 0
1711606631346 1.0132369783551296 0
1711606631348 0.8215971839648826 0
1711606631348 0.6665093883076487 0
1711606631349 0.5400270912232431 0
1711606631350 0.43790883445449197 0
1711606631351 0.35520577580689316 0
1711606631352 0.28818191305517293 0
1711606631353 0.23363754152818628 0
1711606631354 0.18947613056423987 0
1711606631354 0.15379121409195134 0
1711606631355 0.12489748223482568 0
1711606631356 0.10124461128092878 0
1711606631357 0.08240338209191479 0
1711606631358 0.06678423907530479 0
1711606631359 0.054158863168973795 0
1711606631359 0.04407813970720212 0
1711606631360 0.035739556367757996 0
1711606631361 0.028986628752346484 0
1711606631362 0.023645503697349773 0
1711606631363 0.019194167077014393 0
1711606631364 0.015584592723600216 0
1711606631364 0.012654868289433319 0
1711606631365 0.01028232265147188 0
1711606631366 0.008353213258528825 0
1711606631367 0.0067885137430924265 0
1711606631368 0.005521017069582954 0
1711606631369 0.004495356558632974 0
1711606631369 0.00366463174551196 0
1711606631370 0.002987910285029428 0
1711606631371 0.0024397491897295304 0
1711606631372 0.0019952931447916014 0
1711606631373 0.001633836436839101 0
1711606631374 0.001341573354176012 0
1711606631374 0.0011039906326871193 0
1711606631375 0.000913428443323901 0
1711606631376 0.0007558843549675086 0
1711606631377 0.0006301107121755488 0
1711606631378 0.0005258628306245411 0
1711606631379 0.00044130558839855933 0
1711606631379 0.0003725993750823825 0
1711606631380 0.0003178055984722219 0
1711606631381 0.00027221834252056455 0
1711606631382 0.00023485864255700777 0
1711606631383 0.00020515351844687497 0
1711606631384 0.0001803465253083433 0
1711606631384 0.00016047178500413152 0
1711606631385 0.00014383806009588305 0
1711606631386 0.00012946832870569045 0
1711606631387 0.00011773117784704741 0
1711606631388 0.00010853914495825373 0
1711606631389 0.00010072145186920956 0
1711606631389 9.391036176436724e-05 0
1711606631391 8.86558789798722e-05 0
1711606631392 8.43289731289274e-05 0
1711606631393 8.002287957778639e-05 0
1711606631394 7.703739057089541e-05 0
1711606631394 7.432483477455496e-05 0
1711606631395 7.195182856707715e-05 0
1711606631396 7.001373220659796e-05 0
1711606631397 6.838230061047145e-05 0
1711606631398 6.704819925968322e-05 0
1711606631399 6.577298559305339e-05 0
1711606631399 6.439334887934464e-05 0
1711606631400 6.323242443967558e-05 0
1711606631401 6.22820662597969e-05 0
1711606631402 6.15239905907672e-05 0
1711606631403 6.021478612427905e-05 0
1711606631404 5.965303524555545e-05 0
1711606631404 5.9177708986969413e-05 0
1711606631405 5.8302905697992886e-05 0
1711606631406 5.757040365860514e-05 0
1711606631407 5.6944930985726975e-05 0
1711606631408 5.637016004323176e-05 0
1711606631409 5.588793112201296e-05 0
1711606631409 5.558170910708858e-05 0
1711606631410 5.5227079608343014e-05 0
1711606631411 5.504683266756168e-05 0
1711606631412 5.453927337612325e-05 0
1711606631413 5.418227187508923e-05 0
1711606631414 5.376553131519445e-05 0
1711606631415 5.348506189451432e-05 0
1711606631416 5.319079103914688e-05 0
1711606631417 5.283543525607503e-05 0
1711606631417 5.235515038606453e-05 0
1711606631418 5.206376829895204e-05 0
1711606631419 5.160590341164524e-05 0
1711606631420 5.1392989499654616e-05 0
1711606631421 5.0976824800704814e-05 0
1711606631421 5.087282529143076e-05 0
1711606631422 5.066166958799979e-05 0
1711606631423 5.0487653431110455e-05 0
1711606631424 5.03878773705668e-05 0
1711606631425 5.0198796807517864e-05 0
1711606631425 5.0131473156715724e-05 0
1711606631426 4.9823296847239525e-05 0
1711606631427 4.9482202984545586e-05 0
1711606631428 4.941859452393877e-05 0
1711606631428 4.906173882827669e-05 0
