1711606602179 1.5519881601365129 0
1711606602180 1.2676314916041678 0
1711606602181 1.0357638204773207 0
1711606602182 0.8470252061206269 0
1711606602183 0.6942976891072741 0
1711606602184 0.5669041008188325 0
1711606602185 0.46131710833960426 0
1711606602186 0.37822104803056206 0
1711606602186 0.30780540873527396 0
1711606602187 0.2509186401077037 0
1711606602188 0.20566081668279768 0
1711606602189 0.16929271579967659 0
1711606602190 0.13752333362838284 0
1711606602190 0.11226153333768041 0
1711606602191 0.09201469182566496 0
1711606602192 0.07693359457873548 0
1711606602193 0.06299572180812177 0
1711606602194 0.05226656374483351 0
1711606602194 0.04331162327680065 0
1711606602195 0.036581498507118254 0
1711606602196 0.030203550805344603 0
1711606602197 0.024778631671894556 0
1711606602198 0.02050035990010908 0
1711606602199 0.016878949756938627 0
1711606602200 0.014140436392497511 0
1711606602201 0.01173966957728454 0
1711606602201 0.010215081405885866 0
1711606602202 0.009409517733069372 0
1711606602203 0.007988004611453296 0
1711606602204 0.006649483655517552 0
1711606602204 0.005608711008573288 0
1711606602205 0.004806692715773897 0
1711606602206 0.004069463547869769 0
1711606602207 0.003624003891826591 0
1711606602207 0.003202615542621241 0
1711606602208 0.0027854873289614194 0
1711606602209 0.002428852614118893 0
1711606602210 0.002122921687577989 0
1711606602210 0.0018987406966498265 0
1711606602211 0.001736340480316805 0
1711606602212 0.0015286209905960282 0
1711606602213 0.0013558188559206217 0
1711606602214 0.0012461119152273412 0
1711606602214 0.0011240749943699439 0
1711606602215 0.0010270747102219028 0
1711606602216 0.0009413830831643905 0
1711606602217 0.0008930502196792296 0
1711606602218 0.000840496188538034 0
1711606602218 0.0007803886784988986 0
1711606602219 0.0007377423596537946 0
1711606602220 0.000696502288900081 0
1711606602221 0.0006609770261940328 0
1711606602222 0.0006303351906835501 0
1711606602222 0.0006022267915413091 0
1711606602223 0.0005770448865997283 0
1711606602224 0.0005580595203684887 0
1711606602225 0.0005391269761122377 0
1711606602226 0.0005258022736347645 0
1711606602226 0.0005129260531204568 0
1711606602227 0.0005013676524929402 0
1711606602228 0.0004900880091226944 0
1711606602229 0.00047954099344700536 0
1711606602229 0.0004718527097429491 0
1711606602230 0.00046292102326794696 0
1711606602231 0.0004564474049816799 0
1711606602232 0.00044732156563438583 0
1711606602233 0.0004417775812237832 0
1711606602233 0.0004353824189944632 0
1711606602234 0.00042957474080851355 0
1711606602235 0.0004256555393436231 0
1711606602236 0.0004218148839096806 0
1711606602237 0.0004172724318523661 0
1711606602237 0.00041048574487362647 0
1711606602238 0.0004071504653164764 0
1711606602239 0.00040360661984784 0
1711606602240 0.00040112689133831037 0
1711606602241 0.00039763528935851444 0
1711606602241 0.0003945930729237589 0
1711606602242 0.0003919760207852285 0
1711606602243 0.0003890628508224181 0
1711606602244 0.00038783319901158594 0
1711606602245 0.00038461387028981624 0
1711606602245 0.0003810149435997406 0
1711606602246 0.0003796629561639997 0
1711606602247 0.000377780387900416 0
1711606602248 0.0003758233312845598 0
1711606602248 0.00037481754775499907 0
1711606602249 0.0003708185064860362 0
1711606602250 0.00036957409779425247 0
1711606602251 0.00036625129977343844 0
1711606602252 0.0003643300720490939 0
1711606602252 0.0003637993612677301 0
1711606602253 0.00035974395972855145 0
1711606602254 0.00035890437953242996 0
1711606602255 0.0003573336967094921 0
1711606602256 0.0003552689972182853 0
1711606602256 0.00035347809439171407 0
1711606602257 0.0003508656007535145 0
1711606602258 0.00035023187915516425 0
1711606602259 0.000348544958763282 0
