1711606520272 1.7280308728910259 0
1711606520273 1.5629610716801847 0
1711606520274 1.4153815758044856 0
1711606520275 1.2824316836540524 0
1711606520277 1.1602972952319937 0
1711606520278 1.0625060092085654 0
1711606520279 0.9674082064088538 0
1711606520280 0.8811128977108873 0
1711606520281 0.7989181802258374 0
1711606520282 0.727850033374723 0
1711606520283 0.6640462904369191 0
1711606520284 0.6106324937458802 0
1711606520286 0.5528083982231081 0
1711606520287 0.5042572525265704 0
1711606520288 0.4572972221275669 0
1711606520289 0.41516734819604834 0
1711606520290 0.37859071606446326 0
1711606520291 0.3474651258305596 0
1711606520292 0.31515340685408216 0
1711606520294 0.2854398737873359 0
1711606520295 0.2596741388059058 0
1711606520296 0.23596322777606749 0
1711606520297 0.21410376469782155 0
1711606520298 0.19452850070974456 0
1711606520299 0.1801759319283705 0
1711606520300 0.16542790677059133 0
1711606520301 0.150028218688796 0
1711606520302 0.13647211673279797 0
1711606520303 0.12382830656116534 0
1711606520305 0.11229021355865725 0
1711606520306 0.10208457275392513 0
1711606520307 0.092851444789694 0
1711606520308 0.08427489327322 0
1711606520309 0.07675896310400995 0
1711606520310 0.06971492114708512 0
1711606520311 0.06360580185148844 0
1711606520312 0.05781532727395364 0
1711606520312 0.05266314234363681 0
1711606520313 0.04798468907711667 0
1711606520314 0.04368598142050999 0
1711606520315 0.03975805368943488 0
1711606520315 0.036215851953149886 0
1711606520316 0.033021179357032734 0
1711606520317 0.030094151814058265 0
1711606520318 0.027528666094594288 0
1711606520318 0.025156755896296006 0
1711606520319 0.023088319970369142 0
1711606520320 0.02111728958995111 0
1711606520321 0.019333022121933975 0
1711606520321 0.017853173276141304 0
1711606520322 0.01658796435288358 0
1711606520323 0.015247752472457098 0
1711606520324 0.014022015127467043 0
1711606520324 0.012908952398175516 0
1711606520325 0.012035663627739683 0
1711606520326 0.011106400101635758 0
1711606520327 0.010254002149325956 0
1711606520327 0.009548530734815132 0
1711606520328 0.008983271234060418 0
1711606520329 0.008315254771456719 0
1711606520330 0.007784417120437412 0
1711606520330 0.007226648112563595 0
1711606520331 0.006734391276401239 0
1711606520332 0.006276752192254243 0
1711606520333 0.005852389609758587 0
1711606520333 0.005489982354503052 0
1711606520334 0.005145693327246629 0
1711606520335 0.004826709820251491 0
1711606520335 0.004531682037416502 0
1711606520336 0.0042638821738700495 0
1711606520337 0.0040225035065515015 0
1711606520338 0.0038088339451897713 0
1711606520338 0.003635972520222453 0
1711606520339 0.003450005851293863 0
1711606520340 0.0032828916444565797 0
1711606520341 0.0031243817127772906 0
1711606520342 0.0029852579379843545 0
1711606520342 0.0028604113968729306 0
1711606520343 0.002741625114680862 0
1711606520344 0.002631436998260205 0
1711606520345 0.0025224881226247986 0
1711606520345 0.0024660051453335857 0
1711606520346 0.002376541255296193 0
1711606520347 0.0023115481550975443 0
1711606520348 0.0022358316172546282 0
1711606520348 0.0021650374056175637 0
1711606520349 0.002098264275722796 0
1711606520350 0.002036717085135829 0
1711606520351 0.001969809116991467 0
1711606520352 0.0019164820361385095 0
1711606520353 0.0018662335715246173 0
1711606520354 0.0018220425394768367 0
1711606520354 0.001781368135298022 0
1711606520355 0.0017372392981115279 0
1711606520356 0.0016988006266594213 0
1711606520357 0.0016721891931642694 0
1711606520357 0.0016388510584143515 0
1711606520358 0.0015943522712155611 0
1711606520359 0.0015506186969164594 0
1711606520360 0.001503782027920184 0
