1711606565886 1.7155269340540258 0
1711606565887 1.5483247811446903 0
1711606565887 1.3974564733548072 0
1711606565888 1.2613119188928037 0
1711606565889 1.1383868667882227 0
1711606565890 1.0275776426161096 0
1711606565891 0.9274634343825869 0
1711606565892 0.8371267420120395 0
1711606565892 0.7557511694960615 0
1711606565893 0.6821029150848917 0
1711606565894 0.6156320147171837 0
1711606565895 0.5556383267865874 0
1711606565895 0.5015415299659867 0
1711606565896 0.4526625963646505 0
1711606565897 0.4085817852674625 0
1711606565898 0.36877244629033085 0
1711606565900 0.3328435269680654 0
1711606565901 0.3004690545444293 0
1711606565902 0.27120577930953244 0
1711606565903 0.24477717093426435 0
1711606565904 0.22101387781339094 0
1711606565905 0.19949908692191462 0
1711606565906 0.1800628924667623 0
1711606565907 0.16252105689768237 0
1711606565908 0.14668672665812726 0
1711606565909 0.13240892313520208 0
1711606565910 0.11950495490623647 0
1711606565911 0.10786124527977278 0
1711606565912 0.09736639167338676 0
1711606565913 0.0879115203805112 0
1711606565914 0.07935669096138513 0
1711606565915 0.07164837697736784 0
1711606565916 0.06466866283722678 0
1711606565917 0.05836857236103279 0
1711606565918 0.05268509235075862 0
1711606565918 0.04756481512884226 0
1711606565919 0.04293038488806553 0
1711606565920 0.038748426821123456 0
1711606565921 0.03497390828738972 0
1711606565922 0.0315994812356728 0
1711606565922 0.028548821268304107 0
1711606565923 0.02576898370739238 0
1711606565924 0.023259359881639602 0
1711606565926 0.020994223651589487 0
1711606565927 0.018950920629490373 0
1711606565928 0.0171053882048763 0
1711606565929 0.01544180770800983 0
1711606565930 0.013939041890542713 0
1711606565931 0.01258402218578273 0
1711606565933 0.011363144238235479 0
1711606565934 0.010257991638905648 0
1711606565935 0.009259751391123982 0
1711606565936 0.008360452322289769 0
1711606565937 0.0075485571061626585 0
1711606565938 0.0068142051279148005 0
1711606565940 0.006151479734629852 0
1711606565941 0.005553224354005971 0
1711606565942 0.005013383521516805 0
1711606565943 0.004526210647719845 0
1711606565944 0.004086195111115832 0
1711606565945 0.003688861454832543 0
1711606565947 0.0033308503277693705 0
1711606565948 0.0030077586745218708 0
1711606565949 0.0027157727380301257 0
1711606565950 0.0024519601988375332 0
1711606565951 0.0022143288953129386 0
1711606565952 0.001999714974582589 0
1711606565953 0.0018060521602627467 0
1711606565954 0.0016309007410075806 0
1711606565955 0.0014729160064176578 0
1711606565956 0.0013301523461830003 0
1711606565957 0.0012012774048543642 0
1711606565958 0.00108511059257716 0
1711606565959 0.0009800998085415574 0
1711606565960 0.0008853241919942232 0
1711606565961 0.0007997815853802254 0
1711606565962 0.0007225569918054914 0
1711606565962 0.0006529705081680941 0
1711606565963 0.000590058941694755 0
1711606565964 0.000533250446608776 0
1711606565965 0.00048195840409179686 0
1711606565965 0.0004356832757133439 0
1711606565966 0.00039387269627635116 0
1711606565967 0.00035624603716430674 0
1711606565968 0.00032214518147229604 0
1711606565969 0.0002913713888696272 0
1711606565969 0.00026357413659930704 0
1711606565970 0.0002384684824210507 0
1711606565971 0.00021585700619237283 0
1711606565972 0.0001954214602376166 0
1711606565972 0.00017691997203009142 0
1711606565973 0.0001602611133966204 0
1711606565974 0.00014518844594939854 0
1711606565975 0.00013157360494599126 0
1711606565975 0.00011931984661647917 0
1711606565976 0.0001082351959308921 0
1711606565977 9.820059031459992e-05 0
1711606565978 8.91569471887788e-05 0
1711606565978 8.097415159229098e-05 0
1711606565979 7.3605368118125e-05 0
