1711606530437 1.7163829306218106 0
1711606530438 1.5499389914673718 0
1711606530440 1.3996384181607935 0
1711606530441 1.263953064754829 0
1711606530442 1.1413496996235557 0
1711606530443 1.030669049838327 0
1711606530444 0.9307070188066211 0
1711606530445 0.8404017088239245 0
1711606530446 0.7588692245785468 0
1711606530448 0.6853010132456926 0
1711606530449 0.6188326595170772 0
1711606530450 0.5588125521990275 0
1711606530451 0.504636074884095 0
1711606530452 0.4557118908298631 0
1711606530453 0.4115368215284914 0
1711606530454 0.37161923055140533 0
1711606530455 0.33559269636805533 0
1711606530455 0.3030479346923821 0
1711606530456 0.27366552035543995 0
1711606530457 0.2471288313463565 0
1711606530458 0.22316900590625824 0
1711606530459 0.20153337261034532 0
1711606530460 0.1820013648858312 0
1711606530461 0.16436177197265703 0
1711606530462 0.14842552734672437 0
1711606530463 0.13403441842558764 0
1711606530464 0.12103904562931575 0
1711606530465 0.10930658872798608 0
1711606530466 0.09871386763226624 0
1711606530467 0.08914598830543646 0
1711606530468 0.08050495312659373 0
1711606530469 0.0727035210813979 0
1711606530470 0.06565663878522517 0
1711606530471 0.05929683499686479 0
1711606530472 0.05354837734353032 0
1711606530473 0.04835941828614182 0
1711606530474 0.043673754787329655 0
1711606530475 0.03944336069171275 0
1711606530476 0.03562088604737346 0
1711606530477 0.032172180790200046 0
1711606530478 0.0290542831027891 0
1711606530479 0.02624030536920415 0
1711606530480 0.023700644991418135 0
1711606530481 0.021403833426068053 0
1711606530482 0.019331226126154014 0
1711606530483 0.017458033841214027 0
1711606530484 0.015766793241244224 0
1711606530485 0.014240054450910538 0
1711606530486 0.012861524935458848 0
1711606530487 0.011616782067193776 0
1711606530488 0.010491610708581766 0
1711606530488 0.00947644634156739 0
1711606530489 0.008558975473850974 0
1711606530490 0.007730189608242998 0
1711606530491 0.006981879231763846 0
1711606530491 0.00630655361242229 0
1711606530492 0.005696473250591902 0
1711606530493 0.005145012513609605 0
1711606530493 0.004647041394519658 0
1711606530494 0.004197912504699973 0
1711606530495 0.0037918050556206132 0
1711606530496 0.0034251092237828876 0
1711606530496 0.003093776766371272 0
1711606530497 0.0027947762078496243 0
1711606530498 0.002524534979092867 0
1711606530499 0.0022807208191011528 0
1711606530499 0.002060199472051453 0
1711606530500 0.0018612123263637573 0
1711606530501 0.0016813791416132738 0
1711606530502 0.0015189490694707 0
1711606530502 0.0013723777944258607 0
1711606530503 0.0012399427504449928 0
1711606530504 0.0011204436583064639 0
1711606530505 0.001012276360676197 0
1711606530505 0.0009147715384911137 0
1711606530506 0.0008265036950538071 0
1711606530507 0.0007468544230785327 0
1711606530508 0.0006749747363504925 0
1711606530508 0.0006099213386581446 0
1711606530509 0.0005512029999541385 0
1711606530510 0.0004981965442313304 0
1711606530511 0.0004503444368477913 0
1711606530511 0.0004070528555442002 0
1711606530512 0.00036799609003623475 0
1711606530513 0.0003326721087560976 0
1711606530514 0.0003007794906188037 0
1711606530514 0.00027199577029810896 0
1711606530515 0.00024596262091139794 0
1711606530516 0.00022245964401494743 0
1711606530517 0.00020121725071629325 0
1711606530517 0.00018203624670114823 0
1711606530518 0.00016471796800451475 0
1711606530519 0.00014905174632072482 0
1711606530520 0.00013493021252241 0
1711606530520 0.0001221545301891698 0
1711606530521 0.00011060452957530413 0
1711606530522 0.0001001838231860553 0
1711606530522 9.075928109622644e-05 0
1711606530523 8.224236617549168e-05 0
1711606530524 7.456118569467544e-05 0
