1711606480215 1.8730811563356398 0
1711606480216 1.8409926293563281 0
1711606480217 1.8046663657549988 0
1711606480218 1.769334942885785 0
1711606480219 1.7348709620889728 0
1711606480220 1.7015622619234427 0
1711606480221 1.6694898077188434 0
1711606480222 1.6367959593384394 0
1711606480223 1.6052421273451107 0
1711606480224 1.577815490824326 0
1711606480225 1.5498161438376072 0
1711606480225 1.5224663065689887 0
1711606480227 1.4935320844987319 0
1711606480228 1.4688326031722327 0
1711606480229 1.4401622309163904 0
1711606480230 1.4118874184302215 0
1711606480230 1.386533952099015 0
1711606480231 1.3594535253754503 0
1711606480232 1.3335626849674347 0
1711606480233 1.307929447792643 0
1711606480234 1.2823744168963087 0
1711606480234 1.274201149335389 0
1711606480235 1.2499054532461116 0
1711606480236 1.2256588963982675 0
1711606480237 1.20192179702175 0
1711606480237 1.178914519925321 0
1711606480238 1.155856488006629 0
1711606480240 1.1352108333765363 0
1711606480240 1.113268811367653 0
1711606480241 1.092093972172262 0
1711606480242 1.0727141893752699 0
1711606480243 1.0517915958692117 0
1711606480243 1.0313902309440546 0
1711606480244 1.0116848240445149 0
1711606480245 0.9917640018320989 0
1711606480246 0.9727786066846261 0
1711606480246 0.9544029956247467 0
1711606480247 0.9365378912254639 0
1711606480248 0.9183283200983164 0
1711606480249 0.9010308774154713 0
1711606480250 0.8837206215560166 0
1711606480251 0.8673903208894452 0
1711606480251 0.8503033811780046 0
1711606480252 0.8337405367639313 0
1711606480253 0.8179775326530319 0
1711606480254 0.8019053614563366 0
1711606480255 0.7864758782004698 0
1711606480255 0.771110154510658 0
1711606480256 0.7566283172497092 0
1711606480257 0.7429502887280164 0
1711606480258 0.7284596835535623 0
1711606480258 0.7150004663701072 0
1711606480259 0.7009349148758713 0
1711606480260 0.6874804099753772 0
1711606480260 0.6741588623037744 0
1711606480261 0.6610118914297606 0
1711606480262 0.6498605430782897 0
1711606480263 0.637320176552121 0
1711606480263 0.6249323395089161 0
1711606480264 0.61294203019553 0
1711606480265 0.6009461268661492 0
1711606480266 0.5904227428032153 0
1711606480266 0.5789024561638493 0
1711606480267 0.5684222384380285 0
1711606480268 0.5587230933335261 0
1711606480269 0.5487013565164967 0
1711606480269 0.5380208924362964 0
1711606480270 0.5278280784057194 0
1711606480271 0.51916022368366 0
1711606480272 0.5098686661844299 0
1711606480272 0.4998595037940313 0
1711606480273 0.49065569619263866 0
1711606480274 0.4812040699066709 0
1711606480275 0.471851494973492 0
1711606480275 0.4626803556275194 0
1711606480276 0.4549307612414094 0
1711606480277 0.44653650498972797 0
1711606480278 0.43781890127895084 0
1711606480278 0.4295690187091722 0
1711606480279 0.4228663157128189 0
1711606480280 0.41567093674930466 0
1711606480281 0.40796535147976903 0
1711606480281 0.40010967268714004 0
1711606480282 0.39255912874207355 0
1711606480283 0.38494191436687086 0
1711606480284 0.3774480910019892 0
1711606480284 0.37015710988417133 0
1711606480285 0.3629555399346506 0
1711606480286 0.3574276784743922 0
1711606480287 0.3509647110050519 0
1711606480288 0.34442053056589667 0
1711606480288 0.3378155400660599 0
1711606480289 0.3313142008784331 0
1711606480290 0.3249989086963891 0
1711606480290 0.31862388454177015 0
1711606480291 0.31270496031886713 0
1711606480292 0.3067801360375648 0
1711606480293 0.3007913824885582 0
1711606480293 0.2949549267452873 0
1711606480294 0.28924068883007453 0
