1711606513366 1.8631208672307584 0
1711606513367 1.8273114002016473 0
1711606513368 1.7909906076284068 0
1711606513369 1.7559036175890457 0
1711606513370 1.7210870384496373 0
1711606513370 1.6871312497414106 0
1711606513371 1.653956388006005 0
1711606513372 1.6211710970852613 0
1711606513373 1.589012874636333 0
1711606513374 1.5575570732148551 0
1711606513374 1.5266207794394395 0
1711606513375 1.4964962970367266 0
1711606513376 1.4680416857982295 0
1711606513377 1.43920405186766 0
1711606513378 1.4106990176524605 0
1711606513378 1.382819100511351 0
1711606513379 1.3554148420187604 0
1711606513380 1.328811352468645 0
1711606513381 1.3027663904500677 0
1711606513381 1.2773099726244241 0
1711606513382 1.2521172269639929 0
1711606513383 1.2273332216466786 0
1711606513384 1.2031173358571858 0
1711606513384 1.1794670172920307 0
1711606513385 1.1560833196358 0
1711606513386 1.1331908065308172 0
1711606513387 1.1108634292060562 0
1711606513387 1.088836308918136 0
1711606513388 1.0673926619450211 0
1711606513389 1.0464289980824926 0
1711606513390 1.0257212483260714 0
1711606513390 1.0056089949296696 0
1711606513391 0.9857466456172133 0
1711606513392 0.9663431378487026 0
1711606513393 0.9473526653713223 0
1711606513393 0.9285704014986227 0
1711606513394 0.9105868208272588 0
1711606513395 0.8925588655369102 0
1711606513396 0.874836299532968 0
1711606513396 0.8579305097448688 0
1711606513397 0.8411911194544549 0
1711606513398 0.8245975489916946 0
1711606513399 0.8082346842274098 0
1711606513399 0.7931420025191992 0
1711606513400 0.7775202198780234 0
1711606513401 0.76240995044502 0
1711606513402 0.7483674501787138 0
1711606513402 0.7336938416390362 0
1711606513403 0.7191309665488929 0
1711606513404 0.7049979177852896 0
1711606513405 0.6910657560715888 0
1711606513405 0.6774107654499391 0
1711606513406 0.6643645308931696 0
1711606513407 0.6512612615102409 0
1711606513408 0.6383330389106696 0
1711606513408 0.625701237512905 0
1711606513409 0.6134334708469734 0
1711606513410 0.6014271180003428 0
1711606513410 0.5894910179301553 0
1711606513411 0.5779354366905901 0
1711606513412 0.5666899249360651 0
1711606513413 0.5557129149464004 0
1711606513414 0.5448115378219567 0
1711606513415 0.5340138733089921 0
1711606513415 0.5234936604280163 0
1711606513416 0.5131082468668394 0
1711606513417 0.5030375022475411 0
1711606513418 0.49332290414448837 0
1711606513418 0.48365503260075576 0
1711606513419 0.47414056368142055 0
1711606513420 0.4650490622959611 0
1711606513421 0.45586502779789395 0
1711606513421 0.4469273405220921 0
1711606513422 0.438162508790043 0
1711606513423 0.4295121181875295 0
1711606513424 0.4209903326645661 0
1711606513425 0.4126814601235226 0
1711606513425 0.40453281839981936 0
1711606513426 0.3965464121559366 0
1711606513427 0.3889102906129322 0
1711606513428 0.3811988118312788 0
1711606513429 0.37369518918707373 0
1711606513430 0.36629293378061484 0
1711606513431 0.35902261777489114 0
1711606513431 0.3519335612686603 0
1711606513432 0.3450125636540273 0
1711606513433 0.338194111722795 0
1711606513434 0.3315353935875969 0
1711606513435 0.32495701914314773 0
1711606513435 0.31859846012924864 0
1711606513436 0.312295445250002 0
1711606513437 0.30624186065408593 0
1711606513438 0.300478989266917 0
1711606513439 0.2945262783050707 0
1711606513440 0.2886767252719667 0
1711606513441 0.2830149658779307 0
1711606513442 0.2774641879813407 0
1711606513443 0.2719917217444229 0
1711606513443 0.2666047439209792 0
1711606513444 0.2614622710153534 0
