1711606606531 1.5400261039486514 0
1711606606532 1.2477656179664984 0
1711606606533 1.0109345065871551 0
1711606606534 0.8190792907489639 0
1711606606535 0.6636088194084789 0
1711606606536 0.5376777501716964 0
1711606606537 0.43563653287697074 0
1711606606538 0.35295341965128113 0
1711606606539 0.2859691285128744 0
1711606606539 0.23169579186310263 0
1711606606540 0.1877274112559908 0
1711606606541 0.15209846976307612 0
1711606606542 0.12323642824302908 0
1711606606543 0.09984812085010537 0
1711606606544 0.08090063375373935 0
1711606606544 0.0655482146511442 0
1711606606545 0.0531104283490329 0
1711606606546 0.04303182337648286 0
1711606606547 0.034866975912703026 0
1711606606548 0.028251057456615276 0
1711606606548 0.022890056240056505 0
1711606606549 0.01854651558052477 0
1711606606550 0.01502791925411953 0
1711606606551 0.012176602101247222 0
1711606606552 0.009866623338459899 0
1711606606553 0.007995019014171692 0
1711606606553 0.006478327834262879 0
1711606606554 0.00524983406247656 0
1711606606555 0.004254566254766216 0
1711606606556 0.0034478837850129367 0
1711606606557 0.0027942826053202236 0
1711606606558 0.0022647837886851114 0
1711606606558 0.0018357606654572636 0
1711606606559 0.0014880199734744932 0
1711606606560 0.0012062966656570947 0
1711606606561 0.0009780413088797024 0
1711606606562 0.0007931344702286091 0
1711606606562 0.0006432762710065886 0
1711606606563 0.0005218611008658275 0
1711606606564 0.00042343772448053105 0
1711606606566 0.000343695367044719 0
1711606606567 0.0002790965512992746 0
1711606606568 0.00022674960934269565 0
1711606606569 0.00018433887976532546 0
1711606606571 0.00014997636789164303 0
1711606606572 0.00012213884308505686 0
1711606606573 9.956512702998789e-05 0
1711606606573 8.128840203297199e-05 0
1711606606574 6.646595445695754e-05 0
1711606606575 5.44564262928907e-05 0
1711606606576 4.472253400935855e-05 0
1711606606576 3.683247579237239e-05 0
1711606606577 3.043955196254108e-05 0
1711606606578 2.525633453395859e-05 0
1711606606579 2.1054550832686442e-05 0
1711606606579 1.7641756766200682e-05 0
1711606606580 1.4881948289663998e-05 0
1711606606581 1.2636329723622807e-05 0
1711606606582 1.0813346123176273e-05 0
1711606606582 9.33097106524308e-06 0
1711606606583 8.125689422340142e-06 0
1711606606584 7.13962665351827e-06 0
1711606606585 6.341048018260723e-06 0
1711606606586 5.691607610591664e-06 0
1711606606586 5.142333568187988e-06 0
1711606606587 4.686195615939183e-06 0
1711606606588 4.323254486092968e-06 0
1711606606589 4.024486001127406e-06 0
1711606606589 3.765354475684543e-06 0
1711606606590 3.5603443692491526e-06 0
1711606606591 3.3856310706195505e-06 0
1711606606592 3.245614911054469e-06 0
1711606606592 3.1298219985879845e-06 0
1711606606593 3.0241685547344003e-06 0
1711606606594 2.935622220432243e-06 0
1711606606595 2.8473847287914863e-06 0
1711606606595 2.7775141893091376e-06 0
1711606606596 2.722197745179564e-06 0
1711606606597 2.676925504507071e-06 0
1711606606598 2.6332340631163845e-06 0
1711606606598 2.589421748866841e-06 0
1711606606599 2.545303732885053e-06 0
1711606606600 2.5006003700840986e-06 0
1711606606601 2.4777719109502505e-06 0
1711606606601 2.4411392384664065e-06 0
1711606606602 2.4173790127068566e-06 0
1711606606603 2.3865906094010966e-06 0
1711606606604 2.3610641142580746e-06 0
1711606606605 2.3464322130823883e-06 0
1711606606606 2.3192059651935467e-06 0
1711606606607 2.29632993700228e-06 0
1711606606607 2.2806561996331902e-06 0
1711606606608 2.2716593730355763e-06 0
1711606606609 2.245066575913341e-06 0
1711606606610 2.2357111641423632e-06 0
1711606606611 2.2288291957057676e-06 0
1711606606612 2.207566555866671e-06 0
1711606606612 2.2028305405968822e-06 0
1711606606613 2.176459234865037e-06 0
1711606606614 2.1723874105668705e-06 0
