1711606526581 1.7224209885960267 0
1711606526582 1.5658758692451886 0
1711606526582 1.4164811530352392 0
1711606526583 1.2903528976680674 0
1711606526584 1.1916951530445605 0
1711606526585 1.0831858005565247 0
1711606526586 0.9847439029247008 0
1711606526587 0.8937264535882342 0
1711606526587 0.811322734444844 0
1711606526588 0.7367263390941462 0
1711606526589 0.6780271076231209 0
1711606526590 0.6387397640571841 0
1711606526590 0.5799606150048643 0
1711606526591 0.5305083077609922 0
1711606526592 0.48190089684286175 0
1711606526593 0.43964051810128674 0
1711606526593 0.40047425312960516 0
1711606526594 0.36515527143477733 0
1711606526595 0.3318317564150361 0
1711606526596 0.3032317837479857 0
1711606526596 0.2763231159231822 0
1711606526597 0.25200986260785646 0
1711606526598 0.2290209174248149 0
1711606526599 0.21236024214212829 0
1711606526599 0.19476592220708233 0
1711606526600 0.17840866329071364 0
1711606526601 0.16318379932558405 0
1711606526602 0.14860063667577747 0
1711606526602 0.1359014699177696 0
1711606526603 0.12332073040775471 0
1711606526604 0.11381353103798908 0
1711606526605 0.10460995603347001 0
1711606526605 0.09538939740789895 0
1711606526606 0.08752269343913897 0
1711606526607 0.0795310638459958 0
1711606526608 0.07418966367492409 0
1711606526609 0.06788281905798742 0
1711606526609 0.06547404474922629 0
1711606526610 0.0617520930894235 0
1711606526611 0.05724202378234941 0
1711606526612 0.0525602100337436 0
1711606526612 0.048541528553966776 0
1711606526613 0.04431615841488031 0
1711606526614 0.04053719045704854 0
1711606526615 0.03734886783327792 0
1711606526616 0.03444125392424637 0
1711606526616 0.031433128076818175 0
1711606526617 0.0290372904009979 0
1711606526618 0.02722990264630961 0
1711606526618 0.024989651573176824 0
1711606526619 0.02299639706011398 0
1711606526620 0.021163490411091595 0
1711606526621 0.0194280735645169 0
1711606526621 0.017844922602489877 0
1711606526622 0.01656817469140145 0
1711606526623 0.015380218913816322 0
1711606526624 0.01418674177046437 0
1711606526625 0.014009578976382452 0
1711606526626 0.013006960700418343 0
1711606526628 0.012092196443583069 0
1711606526629 0.011308250158290185 0
1711606526630 0.010646556832587138 0
1711606526631 0.009886979355358242 0
1711606526632 0.00919300994654512 0
1711606526633 0.008724072735501107 0
1711606526634 0.008113362022334718 0
1711606526635 0.007559369075189267 0
1711606526636 0.007086958718574663 0
1711606526636 0.00666250151833357 0
1711606526637 0.006252370724686282 0
1711606526638 0.005894586263126914 0
1711606526639 0.005548721455916177 0
1711606526639 0.005273843227616693 0
1711606526640 0.0050048625505644505 0
1711606526641 0.004719358541474176 0
1711606526642 0.004451997310440055 0
1711606526642 0.004292600345720394 0
1711606526643 0.004105923359383145 0
1711606526644 0.003892386891462325 0
1711606526645 0.003708365006239036 0
1711606526646 0.003525442363335539 0
1711606526646 0.0033501885735810954 0
1711606526647 0.003184135663517321 0
1711606526648 0.003046814164202267 0
1711606526648 0.002913462442198124 0
1711606526649 0.0028155030411400085 0
1711606526650 0.0026909927184428084 0
1711606526651 0.0025689157760857943 0
1711606526651 0.0024643833414287495 0
1711606526652 0.002367976226735865 0
1711606526653 0.002284355531820454 0
1711606526654 0.0022779715250833272 0
1711606526654 0.0022170237573028414 0
1711606526655 0.002137638513658253 0
1711606526656 0.002071043684022168 0
1711606526656 0.0019925241257856643 0
1711606526657 0.0019270684412344813 0
1711606526658 0.0018603553504571513 0
1711606526659 0.001801700224922713 0
1711606526659 0.0017447054867353647 0
