1711606553080 1.7159708613621893 0
1711606553081 1.5491842885434584 0
1711606553082 1.3996885666551673 0
1711606553083 1.2642681410355017 0
1711606553084 1.1413599882707837 0
1711606553085 1.030749478900985 0
1711606553086 0.9310786328720339 0
1711606553086 0.840555331675858 0
1711606553087 0.7590227445272736 0
1711606553088 0.6853861496436365 0
1711606553089 0.6187589095891952 0
1711606553090 0.5612145464694487 0
1711606553090 0.5095625064753166 0
1711606553091 0.4609060114650623 0
1711606553092 0.4162566346666373 0
1711606553093 0.3759624153107144 0
1711606553094 0.33959189424235064 0
1711606553095 0.3076086443420759 0
1711606553095 0.2779749915989831 0
1711606553096 0.2509677356160389 0
1711606553097 0.2268934463586943 0
1711606553098 0.20538066590277065 0
1711606553098 0.1856819870410652 0
1711606553099 0.16805496456713512 0
1711606553100 0.15178697511702166 0
1711606553101 0.13706385068595214 0
1711606553102 0.12386004646009334 0
1711606553102 0.11191625527057313 0
1711606553103 0.10131626649903072 0
1711606553104 0.09149626808121766 0
1711606553105 0.0828155739269648 0
1711606553106 0.0748092688333545 0
1711606553106 0.06755514813799386 0
1711606553107 0.061092241216130876 0
1711606553108 0.055205943854393015 0
1711606553109 0.04990528514308214 0
1711606553109 0.04508300611146801 0
1711606553110 0.040801182044559896 0
1711606553111 0.036920117564156696 0
1711606553112 0.033357859097581086 0
1711606553112 0.0301630382312317 0
1711606553113 0.027511697221916015 0
1711606553114 0.024862590911775857 0
1711606553115 0.022491415218045922 0
1711606553115 0.02034032713536418 0
1711606553116 0.018403128773515375 0
1711606553117 0.016636602199586906 0
1711606553118 0.015037055543314781 0
1711606553118 0.013599160431159201 0
1711606553119 0.012299562908461575 0
1711606553120 0.011142639942517957 0
1711606553121 0.010076917738989943 0
1711606553121 0.009116792116780766 0
1711606553122 0.008246697249266202 0
1711606553123 0.007480421617441889 0
1711606553124 0.006767641804328572 0
1711606553124 0.006126520718633308 0
1711606553125 0.005546616321210062 0
1711606553126 0.0050229935789510936 0
1711606553127 0.004552249405513496 0
1711606553128 0.004149094191541633 0
1711606553128 0.003759520164980734 0
1711606553129 0.0034115884756797075 0
1711606553130 0.0030935876198521003 0
1711606553131 0.0028092863399710546 0
1711606553131 0.0025521494244887194 0
1711606553132 0.0023220609035629765 0
1711606553133 0.0021111580848881765 0
1711606553134 0.0019235397529625028 0
1711606553134 0.0017505723762691015 0
1711606553135 0.0015994994087895867 0
1711606553136 0.001459262205257356 0
1711606553137 0.0013297287291190627 0
1711606553137 0.00121266626227696 0
1711606553138 0.0011059943679461155 0
1711606553139 0.001010109770673218 0
1711606553140 0.0009233331110265012 0
1711606553140 0.0008472101286081215 0
1711606553141 0.0007766436410381974 0
1711606553142 0.0007122018133201235 0
1711606553142 0.0006545592147587625 0
1711606553143 0.0006014046909373199 0
1711606553144 0.0005528782912232895 0
1711606553145 0.0005095285227082111 0
1711606553146 0.0004696195911082345 0
1711606553146 0.00043953533711655734 0
1711606553147 0.0004087460003352505 0
1711606553148 0.0003788552768456084 0
1711606553149 0.00035153166300259416 0
1711606553149 0.00032673779873111826 0
1711606553150 0.0003061310994323622 0
1711606553151 0.000285461458112363 0
1711606553152 0.0002667859776594047 0
1711606553153 0.00024961170846522605 0
1711606553153 0.00023413731278206082 0
1711606553154 0.00022028484582750957 0
1711606553155 0.000207637281471903 0
1711606553156 0.0001961298306660877 0
1711606553156 0.00018595291187788746 0
1711606553157 0.00017626015300845196 0
