1711606473340 1.8632399562768462 0
1711606473341 1.8264672129571538 0
1711606473342 1.7908482737424236 0
1711606473343 1.7558609053415735 0
1711606473344 1.721179396586357 0
1711606473344 1.6871142225962725 0
1711606473345 1.6537862539540504 0
1711606473346 1.6210542759409987 0
1711606473347 1.589131641597319 0
1711606473347 1.557870712947034 0
1711606473348 1.527299716166467 0
1711606473349 1.4970730278648048 0
1711606473349 1.4699343555453084 0
1711606473350 1.4409695853407458 0
1711606473351 1.4127162274807519 0
1711606473351 1.384812639718135 0
1711606473352 1.3580697112138151 0
1711606473353 1.3312195234787116 0
1711606473354 1.3050188521675719 0
1711606473354 1.2798795149654003 0
1711606473355 1.2549504009514447 0
1711606473356 1.2301128036523266 0
1711606473356 1.2058433475419073 0
1711606473357 1.1824063226156478 0
1711606473358 1.1591114958087843 0
1711606473359 1.1362316687330098 0
1711606473359 1.1139355614574187 0
1711606473360 1.092047141446927 0
1711606473361 1.0706445812278496 0
1711606473361 1.0495010318660345 0
1711606473362 1.0287538983252924 0
1711606473363 1.009370375033456 0
1711606473364 0.9894291366650544 0
1711606473365 0.969998304941741 0
1711606473365 0.9508528968613381 0
1711606473366 0.9321114543342941 0
1711606473367 0.9140096368614609 0
1711606473368 0.8960974409705175 0
1711606473368 0.8786205681138123 0
1711606473369 0.8612790094217666 0
1711606473370 0.8444104801174659 0
1711606473371 0.8280041855594791 0
1711606473371 0.8116226200714961 0
1711606473372 0.7955613194488037 0
1711606473373 0.7798998838674273 0
1711606473374 0.7646373136561117 0
1711606473375 0.7496343274466667 0
1711606473375 0.7351355598950314 0
1711606473376 0.7206123608282071 0
1711606473377 0.7066279666382758 0
1711606473378 0.6926463340591625 0
1711606473378 0.6789894053917829 0
1711606473379 0.6657825923169254 0
1711606473380 0.6527934021985621 0
1711606473381 0.6402854056061079 0
1711606473382 0.6276305560895378 0
1711606473382 0.6152640486275222 0
1711606473383 0.6030893314604057 0
1711606473384 0.5912172622558098 0
1711606473385 0.5795583071743353 0
1711606473385 0.5681326778906329 0
1711606473386 0.5571049046879293 0
1711606473387 0.546187763175056 0
1711606473388 0.5353935293116726 0
1711606473389 0.5248702150487106 0
1711606473389 0.5145769306376222 0
1711606473390 0.5043978122748958 0
1711606473391 0.494556595111425 0
1711606473392 0.4848462265940955 0
1711606473392 0.4752537498288127 0
1711606473393 0.46591108594769626 0
1711606473394 0.45686123067377526 0
1711606473395 0.44787325771173053 0
1711606473396 0.4392948549685832 0
1711606473396 0.43060599450973636 0
1711606473397 0.42217129628581723 0
1711606473398 0.41383517845254975 0
1711606473399 0.4058717840014185 0
1711606473399 0.39809288479060567 0
1711606473400 0.3902169865907451 0
1711606473401 0.3825054421301255 0
1711606473402 0.3749576229976925 0
1711606473402 0.3675417156886697 0
1711606473403 0.3602711996012158 0
1711606473404 0.35317724149285523 0
1711606473405 0.34628338275838 0
1711606473406 0.3394367602791621 0
1711606473406 0.3327675182032862 0
1711606473407 0.32621713387550877 0
1711606473408 0.3200133958825321 0
1711606473409 0.31375773681780994 0
1711606473409 0.3075542837808796 0
1711606473410 0.3016375057976368 0
1711606473411 0.29567188087103347 0
1711606473412 0.2898599579815097 0
1711606473413 0.2841535035907336 0
1711606473414 0.27861254656471596 0
1711606473415 0.2731110183748567 0
1711606473415 0.2678114076710466 0
1711606473416 0.2625155345176713 0
