1711606584468 1.5467284438411721 0
1711606584469 1.2593861649764937 0
1711606584470 1.0375291738743886 0
1711606584471 0.8467588517287223 0
1711606584472 0.6942067724857622 0
1711606584473 0.5673143484512573 0
1711606584474 0.4689063058989384 0
1711606584474 0.3878577141481916 0
1711606584475 0.31614415605120855 0
1711606584476 0.2588956255916706 0
1711606584477 0.21186348838686514 0
1711606584477 0.17367840488776864 0
1711606584478 0.1422451964306298 0
1711606584479 0.1171130233990564 0
1711606584480 0.09580583744561477 0
1711606584480 0.07957086608027036 0
1711606584481 0.06576967725762557 0
1711606584482 0.055393089071294324 0
1711606584483 0.047165658319219025 0
1711606584483 0.040408539366463894 0
1711606584484 0.033095558593285744 0
1711606584485 0.027560272350671124 0
1711606584486 0.023110048472895325 0
1711606584486 0.019320995813254152 0
1711606584487 0.01611094812407967 0
1711606584488 0.013681382415803878 0
1711606584489 0.011844505219999949 0
1711606584489 0.010064408593578145 0
1711606584490 0.008597546600105515 0
1711606584491 0.007185713506415863 0
1711606584492 0.006406201194530245 0
1711606584492 0.005529292078535742 0
1711606584493 0.004680947188479166 0
1711606584494 0.004036247220959485 0
1711606584495 0.003455109973281648 0
1711606584495 0.003019988172411594 0
1711606584496 0.0026385951605274348 0
1711606584497 0.0023564397056588296 0
1711606584498 0.0020807362030330857 0
1711606584498 0.001844626534013338 0
1711606584499 0.0017196640228443634 0
1711606584500 0.0016001828759707492 0
1711606584501 0.0014773624885836597 0
1711606584501 0.0013443080755737133 0
1711606584502 0.001249527685845334 0
1711606584503 0.0011472302868222957 0
1711606584504 0.0010644769221094476 0
1711606584504 0.0009963520297839343 0
1711606584505 0.000925440882160649 0
1711606584506 0.0008617747531914208 0
1711606584507 0.0008181939108946116 0
1711606584507 0.0007753923603738649 0
1711606584508 0.0007388763331706103 0
1711606584509 0.0007088022316979025 0
1711606584510 0.00068306728346945 0
1711606584510 0.0006540642099394782 0
1711606584511 0.0006342259679771525 0
1711606584512 0.0006125338615179736 0
1711606584513 0.0005962215110747268 0
1711606584513 0.0005832440106962578 0
1711606584514 0.0005649623773873797 0
1711606584515 0.0005547773530577132 0
1711606584516 0.000546431565016269 0
1711606584516 0.0005392042875986754 0
1711606584517 0.0005303432292093495 0
1711606584518 0.0005254382430784622 0
1711606584519 0.0005191713616232955 0
1711606584519 0.0005130831735934819 0
1711606584520 0.0005074202309768483 0
1711606584521 0.0005032105480262556 0
1711606584522 0.000495534390080651 0
1711606584523 0.0004918906281540954 0
1711606584523 0.0004884101819456917 0
1711606584524 0.0004857063779593962 0
1711606584525 0.00048191923862286916 0
1711606584526 0.0004790700704954865 0
1711606584527 0.00047412818817201224 0
1711606584527 0.00046972310485703984 0
1711606584528 0.0004680006864379394 0
1711606584529 0.000465108716264364 0
1711606584530 0.0004626466093217824 0
1711606584531 0.00046092230180376595 0
1711606584531 0.0004582713341034018 0
1711606584532 0.00045666209841891824 0
1711606584533 0.0004527631434962946 0
1711606584534 0.0004514688345017388 0
1711606584534 0.00044715687522665725 0
1711606584535 0.00044390150757847097 0
1711606584536 0.0004428777644456126 0
1711606584537 0.00044188138100197013 0
1711606584538 0.00044045498760459696 0
1711606584538 0.00043968644235330216 0
1711606584539 0.00043794340728042596 0
1711606584540 0.00043637025070770714 0
1711606584541 0.00043544872073430227 0
1711606584542 0.00043388178605117635 0
1711606584543 0.00043321578873531564 0
1711606584543 0.0004309423811011287 0
1711606584544 0.00042954419090964754 0
1711606584545 0.0004289997518232772 0
