1711606591477 1.5414494664637226 0
1711606591478 1.2501879287947275 0
1711606591478 1.0139078788572498 0
1711606591479 0.8222103382257762 0
1711606591480 0.6667576591240915 0
1711606591481 0.5407300742846715 0
1711606591482 0.4385273018007779 0
1711606591482 0.3556814183819896 0
1711606591483 0.28844194083089625 0
1711606591484 0.23394333997887776 0
1711606591485 0.18973420318703996 0
1711606591486 0.15387916002784333 0
1711606591487 0.12482479468986603 0
1711606591487 0.10124296285176826 0
1711606591488 0.08213521584520987 0
1711606591489 0.06662480112718674 0
1711606591490 0.05402726045895915 0
1711606591491 0.04383104897842338 0
1711606591491 0.035550596865775455 0
1711606591492 0.028841926419046836 0
1711606591493 0.023397685162832218 0
1711606591494 0.0189867584208867 0
1711606591495 0.015404203622098609 0
1711606591495 0.012498730556746229 0
1711606591496 0.010143397614197419 0
1711606591497 0.008232506267029082 0
1711606591498 0.006682258908734934 0
1711606591499 0.00542515384206606 0
1711606591499 0.00440436242641502 0
1711606591500 0.003576086423085838 0
1711606591501 0.002905638699562622 0
1711606591502 0.002360704846436905 0
1711606591502 0.0019190022896690593 0
1711606591503 0.0015605804787800607 0
1711606591504 0.001269909465515856 0
1711606591505 0.0010341168742370491 0
1711606591506 0.0008426570828257236 0
1711606591506 0.0006873248387319035 0
1711606591507 0.0005612527562834353 0
1711606591508 0.000458807965084086 0
1711606591509 0.00037587315135055214 0
1711606591511 0.00030841646332043843 0
1711606591511 0.0002538239549353737 0
1711606591512 0.00020955156591295404 0
1711606591513 0.00017348652503332556 0
1711606591514 0.0001442317164413606 0
1711606591515 0.00012046378218778523 0
1711606591516 0.00010120635714379829 0
1711606591517 8.555748554079005e-05 0
1711606591518 7.287079208469674e-05 0
1711606591519 6.253886784465596e-05 0
1711606591520 5.413180773109013e-05 0
1711606591521 4.731635978394058e-05 0
1711606591522 4.178845917877822e-05 0
1711606591523 3.728121146755701e-05 0
1711606591525 3.361852984572329e-05 0
1711606591526 3.059223310014159e-05 0
1711606591527 2.8153636111337988e-05 0
1711606591528 2.618089490383451e-05 0
1711606591528 2.4511977489340128e-05 0
1711606591529 2.3113166034940053e-05 0
1711606591530 2.200082370460302e-05 0
1711606591531 2.102801596020506e-05 0
1711606591532 2.0231266445430125e-05 0
1711606591533 1.955344684897838e-05 0
1711606591534 1.8984655724759464e-05 0
1711606591535 1.8526397157602387e-05 0
1711606591536 1.7933980634785e-05 0
1711606591537 1.753101963973342e-05 0
1711606591538 1.7138961846807e-05 0
1711606591539 1.682629088043318e-05 0
1711606591540 1.6623582141364316e-05 0
1711606591541 1.6347854099829556e-05 0
1711606591542 1.6172021128670848e-05 0
1711606591543 1.596464925999572e-05 0
1711606591544 1.562417172385706e-05 0
1711606591545 1.5477870958758373e-05 0
1711606591546 1.534891471562835e-05 0
1711606591546 1.5164847370396354e-05 0
1711606591547 1.5056903133531122e-05 0
1711606591548 1.4981234822679892e-05 0
1711606591549 1.4762747717986155e-05 0
1711606591550 1.4561531177844802e-05 0
1711606591550 1.4453313574731179e-05 0
1711606591551 1.4263959729008949e-05 0
1711606591552 1.4103437718958727e-05 0
1711606591553 1.4034789526586355e-05 0
1711606591553 1.3969836105837275e-05 0
1711606591554 1.3843333917015843e-05 0
1711606591555 1.3691033941133634e-05 0
1711606591556 1.3673299296474429e-05 0
1711606591557 1.3516403007411367e-05 0
1711606591557 1.330217199260811e-05 0
1711606591558 1.3174763571681066e-05 0
1711606591559 1.3033332032468084e-05 0
1711606591560 1.3014449149950223e-05 0
1711606591561 1.2804751785618318e-05 0
1711606591562 1.2688688211488284e-05 0
1711606591562 1.2528160018317676e-05 0
1711606591563 1.2509357654172297e-05 0
