1711606556663 1.7254462144160667 0
1711606556663 1.558559392662797 0
1711606556664 1.4076005847835844 0
1711606556665 1.2795685459147972 0
1711606556666 1.156249368684518 0
1711606556667 1.0549637438781123 0
1711606556668 0.9528054824136789 0
1711606556668 0.8730605342178028 0
1711606556669 0.7906956385075233 0
1711606556670 0.7154455684873767 0
1711606556671 0.6465409924132375 0
1711606556672 0.584316391904081 0
1711606556672 0.5279095824789121 0
1711606556673 0.47797470374154516 0
1711606556674 0.43370191782336376 0
1711606556675 0.39304943097620226 0
1711606556675 0.3549693309483812 0
1711606556676 0.3258059861185379 0
1711606556677 0.29482955057457094 0
1711606556678 0.26805290600410897 0
1711606556679 0.24258424135364826 0
1711606556679 0.22102135782071358 0
1711606556680 0.1999923215527631 0
1711606556681 0.18079501279006618 0
1711606556682 0.16381857566105917 0
1711606556682 0.1484954217064798 0
1711606556683 0.13471268707155337 0
1711606556684 0.12189225112232817 0
1711606556685 0.11034909442494675 0
1711606556685 0.10035271626314933 0
1711606556686 0.09120546817600693 0
1711606556687 0.08248580989339802 0
1711606556688 0.07477121113011592 0
1711606556689 0.06784554564718781 0
1711606556689 0.0618149382849799 0
1711606556690 0.05626592648733914 0
1711606556691 0.05095618131147651 0
1711606556692 0.046083661049843266 0
1711606556692 0.04180881121532733 0
1711606556693 0.03785380403645486 0
1711606556694 0.03427585923644846 0
1711606556695 0.03102446070978641 0
1711606556695 0.02812302984757792 0
1711606556696 0.025560691579841838 0
1711606556697 0.023297230653695725 0
1711606556698 0.021104289228425808 0
1711606556699 0.01921238329906227 0
1711606556699 0.017477562723440424 0
1711606556700 0.016079663326079532 0
1711606556701 0.014663773114371927 0
1711606556702 0.013347398800044727 0
1711606556702 0.012211904560397006 0
1711606556703 0.011184068761534327 0
1711606556704 0.010155334544569754 0
1711606556705 0.009297940102845818 0
1711606556706 0.008475917651411799 0
1711606556706 0.007702537329690695 0
1711606556707 0.007041800022790289 0
1711606556708 0.006410460329572489 0
1711606556709 0.005850171276404671 0
1711606556709 0.005339012993564654 0
1711606556710 0.004944331600906688 0
1711606556711 0.004518966223808372 0
1711606556712 0.004188521104738245 0
1711606556713 0.0038342714862006147 0
1711606556713 0.003514407121632993 0
1711606556714 0.0032276213856575835 0
1711606556715 0.002961896448752127 0
1711606556716 0.002734190313759897 0
1711606556716 0.0025125166752934147 0
1711606556717 0.002308305542024581 0
1711606556718 0.00212429473318934 0
1711606556719 0.0019586532600773285 0
1711606556720 0.001833713712876055 0
1711606556720 0.0017097325406894518 0
1711606556721 0.0015830439426665428 0
1711606556722 0.0014670689166973862 0
1711606556723 0.001362102818998666 0
1711606556723 0.0012714159548612995 0
1711606556724 0.001195969010137646 0
1711606556725 0.0011161647298461148 0
1711606556726 0.0010446632816781298 0
1711606556727 0.0009780374315575832 0
1711606556727 0.0009158089585051941 0
1711606556728 0.0008599782373934191 0
1711606556729 0.0008107026025336077 0
1711606556730 0.0007654494216264593 0
1711606556730 0.0007229239753681425 0
1711606556731 0.0006843109978365307 0
1711606556732 0.0006499588573781807 0
1711606556733 0.0006181185255853074 0
1711606556733 0.0005895492151327341 0
1711606556734 0.0005629684934320241 0
1711606556735 0.0005384039920901702 0
1711606556736 0.0005159956882972084 0
1711606556737 0.0004959214672858759 0
1711606556737 0.00047980859910120075 0
1711606556738 0.0004627801355005304 0
1711606556739 0.00044651151724177444 0
1711606556740 0.0004314679976259112 0
