1711606598856 1.5458692101735567 0
1711606598857 1.26744122288113 0
1711606598859 1.0321424952746119 0
1711606598859 0.8441134280416681 0
1711606598861 0.6865909204823879 0
1711606598861 0.5572832225830411 0
1711606598862 0.46635763828106946 0
1711606598863 0.3787034326318399 0
1711606598864 0.30841178532197117 0
1711606598865 0.250382444745744 0
1711606598865 0.20352010855656638 0
1711606598866 0.16634722313094663 0
1711606598867 0.1363911858301331 0
1711606598868 0.11114618809930825 0
1711606598869 0.0904781329662176 0
1711606598869 0.07495109576541076 0
1711606598870 0.06104858034463058 0
1711606598871 0.04981622706183658 0
1711606598872 0.040849430933287835 0
1711606598873 0.03384652821684242 0
1711606598873 0.027712200110033152 0
1711606598874 0.02303446503362593 0
1711606598875 0.01935451919078956 0
1711606598876 0.015914194895481598 0
1711606598876 0.01311006829972789 0
1711606598877 0.010972444611147924 0
1711606598878 0.009093692670020928 0
1711606598879 0.007594543417397116 0
1711606598880 0.006454094803287433 0
1711606598880 0.005388701334327838 0
1711606598881 0.004517318680718103 0
1711606598883 0.0038350964317312884 0
1711606598883 0.003250133810471627 0
1711606598884 0.0027763241626295567 0
1711606598885 0.0023867394428019654 0
1711606598886 0.002059263057733138 0
1711606598887 0.0017946682026408188 0
1711606598888 0.0015741263963630272 0
1711606598889 0.001388033318257856 0
1711606598890 0.0012382934455786255 0
1711606598891 0.00112249553278308 0
1711606598892 0.0010244887760007225 0
1711606598893 0.0009379141681350149 0
1711606598894 0.0008711004163223762 0
1711606598895 0.0008111036000824156 0
1711606598896 0.0007572442991601243 0
1711606598897 0.0007138722925290797 0
1711606598898 0.0006754657729400057 0
1711606598899 0.0006408140890352089 0
1711606598900 0.0006111594344358893 0
1711606598901 0.0005850885250818728 0
1711606598902 0.0005648406066155381 0
1711606598903 0.0005474547610984704 0
1711606598904 0.0005311638798626795 0
1711606598905 0.0005177680577155801 0
1711606598906 0.0005095943405773106 0
1711606598907 0.0004907943452487798 0
1711606598908 0.00048220035918207217 0
1711606598910 0.0004704751921200968 0
1711606598911 0.00045726383385691235 0
1711606598912 0.00045147039051631475 0
1711606598913 0.0004453787161573249 0
1711606598914 0.00044013150669087694 0
1711606598915 0.0004355211225238664 0
1711606598916 0.00042539022896372086 0
1711606598917 0.00042095528940393954 0
1711606598918 0.0004175900140023088 0
1711606598919 0.0004147787314931384 0
1711606598920 0.0004096531106447192 0
1711606598921 0.0004033702076170828 0
1711606598921 0.00040167643518280576 0
1711606598922 0.00039846943373309906 0
1711606598923 0.00039360632283387846 0
1711606598924 0.0003884055153830078 0
1711606598925 0.00038743247638549724 0
1711606598925 0.00038548946663593436 0
1711606598926 0.00038113639860296484 0
1711606598927 0.000378303620748387 0
1711606598928 0.00037052778729730547 0
1711606598929 0.00036786620156589576 0
1711606598931 0.0003644800559077894 0
1711606598932 0.00036391016454744853 0
1711606598932 0.00036135375977629154 0
1711606598933 0.0003561239376395926 0
1711606598934 0.0003509589351425692 0
1711606598935 0.00034349189553148173 0
1711606598936 0.0003426518749826682 0
1711606598937 0.0003421069249684807 0
1711606598938 0.00034128584690776406 0
1711606598938 0.0003400216986377391 0
1711606598939 0.00033962148397365257 0
1711606598940 0.00033890900749686075 0
1711606598941 0.00033577092783447824 0
1711606598942 0.00033546827056664104 0
1711606598942 0.0003307776654660552 0
1711606598943 0.0003284762844542376 0
1711606598945 0.0003240584311649986 0
1711606598946 0.0003231435622783799 0
1711606598947 0.0003228310974275368 0
1711606598948 0.0003215030331826259 0
