1711606534150 1.7168238653669177 0
1711606534151 1.5600906909583716 0
1711606534152 1.4092058886917536 0
1711606534153 1.2731315780898926 0
1711606534154 1.1502025562224896 0
1711606534155 1.0438014124176325 0
1711606534156 0.9425854958002745 0
1711606534156 0.8531671109333453 0
1711606534157 0.771017512629858 0
1711606534158 0.6970108118850918 0
1711606534159 0.6299877922788646 0
1711606534159 0.5690417664956872 0
1711606534160 0.5139159256910488 0
1711606534161 0.4643215562472746 0
1711606534162 0.41998194364884084 0
1711606534163 0.3793929352931542 0
1711606534164 0.3428165617801816 0
1711606534164 0.30958934009034317 0
1711606534165 0.2800747295554657 0
1711606534166 0.2532673953237058 0
1711606534167 0.22882380956946544 0
1711606534168 0.20666629644631654 0
1711606534169 0.18845372853680978 0
1711606534170 0.1716581020897745 0
1711606534171 0.15529694007102782 0
1711606534172 0.14121893147928147 0
1711606534172 0.1275679595025716 0
1711606534173 0.11535741139020915 0
1711606534174 0.10421031677122933 0
1711606534175 0.0941782317106501 0
1711606534175 0.08508374085968139 0
1711606534176 0.07688259412363625 0
1711606534177 0.06954360914334584 0
1711606534178 0.06293831690241204 0
1711606534178 0.05687730581615166 0
1711606534179 0.051716941119564395 0
1711606534180 0.046738501713227146 0
1711606534180 0.042255346569894145 0
1711606534181 0.03833298754801343 0
1711606534182 0.03465851708747778 0
1711606534183 0.031495429233546555 0
1711606534183 0.028524413183805674 0
1711606534184 0.02579718661554999 0
1711606534185 0.023339097019252512 0
1711606534186 0.021232480316598797 0
1711606534186 0.01921065777746469 0
1711606534187 0.01739688715386392 0
1711606534188 0.01574827076708533 0
1711606534189 0.014295434360807185 0
1711606534190 0.012955376191547891 0
1711606534191 0.011772359249384502 0
1711606534193 0.01066619716403389 0
1711606534194 0.009668068452358018 0
1711606534195 0.008771860770841189 0
1711606534196 0.007955092214317233 0
1711606534197 0.0072178481325929555 0
1711606534198 0.006549860801493443 0
1711606534199 0.005948786466153098 0
1711606534200 0.00540069401010364 0
1711606534201 0.00490600502257592 0
1711606534202 0.00445846323639219 0
1711606534203 0.004052773147580355 0
1711606534204 0.003687490314975636 0
1711606534205 0.0033594170112837486 0
1711606534206 0.003064044924893032 0
1711606534206 0.0027911072883926155 0
1711606534207 0.0025431837679333563 0
1711606534208 0.0023184851966887173 0
1711606534209 0.002130636300061861 0
1711606534209 0.0019526611637830215 0
1711606534210 0.0017924969097367152 0
1711606534211 0.0016394774574000344 0
1711606534212 0.0014994067256109606 0
1711606534213 0.001373765527964386 0
1711606534213 0.001259984923312134 0
1711606534214 0.001161653655638399 0
1711606534215 0.0010681108468086529 0
1711606534216 0.0009821245904321518 0
1711606534217 0.000903928536900965 0
1711606534218 0.0008331369760065722 0
1711606534219 0.0007692305439412248 0
1711606534220 0.0007113600881097703 0
1711606534221 0.0006584655186135782 0
1711606534222 0.0006109575557394521 0
1711606534223 0.0005669279257311628 0
1711606534224 0.0005267664385209462 0
1711606534224 0.0004903469995288259 0
1711606534225 0.00045765636938787665 0
1711606534226 0.0004280662494301621 0
1711606534227 0.00040050876961251016 0
1711606534228 0.00037540408271048275 0
1711606534229 0.0003526035159025964 0
1711606534230 0.00033370033076171384 0
1711606534231 0.0003148236865714138 0
1711606534233 0.00029766841957352773 0
1711606534234 0.0002817015372554217 0
1711606534236 0.00026680076628735587 0
1711606534237 0.0002543848852993064 0
1711606534238 0.00024240673717068815 0
1711606534239 0.00023166515594686164 0
