1711606614453 1.5408435912208984 0
1711606614454 1.25598712811625 0
1711606614455 1.0217437766891149 0
1711606614456 0.829324465084461 0
1711606614457 0.6759175094231842 0
1711606614458 0.5485968989163482 0
1711606614459 0.44600543822054717 0
1711606614459 0.36197836927739874 0
1711606614460 0.29358585107701246 0
1711606614461 0.23829278441004562 0
1711606614462 0.19337613008420423 0
1711606614463 0.15704216484814068 0
1711606614464 0.12790368659110513 0
1711606614464 0.1038209841675504 0
1711606614465 0.08425403297090438 0
1711606614466 0.06840300779432035 0
1711606614467 0.05552762661395504 0
1711606614468 0.04514049436220901 0
1711606614469 0.03666250988969916 0
1711606614469 0.02983448977281581 0
1711606614470 0.0244295582034146 0
1711606614471 0.01988974351992204 0
1711606614472 0.016199532597613402 0
1711606614473 0.013202814651763983 0
1711606614474 0.010772955268476634 0
1711606614474 0.008827806764631352 0
1711606614475 0.007228319908544487 0
1711606614476 0.005946999351284307 0
1711606614477 0.004916633232135277 0
1711606614478 0.004039517384320475 0
1711606614479 0.003334045975593096 0
1711606614479 0.002762824689781082 0
1711606614480 0.0022916951480935577 0
1711606614481 0.0019036690274246277 0
1711606614482 0.001589697260360148 0
1711606614483 0.0013362992050819156 0
1711606614484 0.0011314947831762377 0
1711606614484 0.000976939684836866 0
1711606614485 0.0008377262896545095 0
1711606614486 0.0007231072715556967 0
1711606614487 0.0006277254415595515 0
1711606614488 0.0005516893126070344 0
1711606614488 0.00048727192493521723 0
1711606614489 0.00043489290593744256 0
1711606614490 0.0003910166197025636 0
1711606614491 0.000354434550103146 0
1711606614492 0.00032411378109232185 0
1711606614493 0.0003002735989302855 0
1711606614493 0.00028077445530432426 0
1711606614494 0.00026388777942106624 0
1711606614495 0.0002493128091070882 0
1711606614496 0.00023658795093815772 0
1711606614497 0.00022671012716760514 0
1711606614498 0.0002186959374262248 0
1711606614498 0.00021207068753577811 0
1711606614499 0.000205614780681231 0
1711606614500 0.00020034029679097704 0
1711606614501 0.00019626773469980986 0
1711606614502 0.00019266159207192776 0
1711606614503 0.00018960427707276047 0
1711606614503 0.000185394276068269 0
1711606614504 0.00018277746141089966 0
1711606614505 0.00018054414736168065 0
1711606614506 0.00017688374689313883 0
1711606614507 0.00017420182602293792 0
1711606614508 0.0001727727829018281 0
1711606614508 0.0001699399011149627 0
1711606614509 0.0001685656668864723 0
1711606614510 0.00016714612481322184 0
1711606614511 0.0001647595772761239 0
1711606614512 0.00016399393087197995 0
1711606614513 0.00016180858837412467 0
1711606614513 0.0001605914405508415 0
1711606614514 0.00015965027944011862 0
1711606614515 0.00015863962120559269 0
1711606614516 0.00015748885858881903 0
1711606614517 0.00015518923562307188 0
1711606614518 0.00015418881749998587 0
1711606614518 0.00015258362156862133 0
1711606614519 0.0001517159175838882 0
1711606614520 0.00014933020532178367 0
1711606614521 0.00014891080999866957 0
1711606614522 0.00014752294661167907 0
1711606614523 0.0001456370028760685 0
1711606614523 0.00014541309665265091 0
1711606614524 0.00014395214970816273 0
1711606614525 0.0001435958496810141 0
1711606614526 0.00014308510505465377 0
1711606614527 0.0001418690668236099 0
1711606614528 0.00014168199465910202 0
1711606614529 0.0001411730009404874 0
1711606614529 0.00014103299940795 0
1711606614530 0.00013988656220579514 0
1711606614531 0.0001398168617594424 0
1711606614532 0.00013951209124994228 0
1711606614533 0.00013932887992272985 0
1711606614534 0.00013804582760699658 0
1711606614534 0.00013791515243123044 0
1711606614535 0.00013773504775042313 0
1711606614536 0.00013698350471636207 0
