1711606505255 1.8629763718631136 0
1711606505256 1.8259252092883689 0
1711606505256 1.789654208084729 0
1711606505257 1.754070270582848 0
1711606505258 1.7192321329912106 0
1711606505259 1.6850566530236666 0
1711606505260 1.6515639964845084 0
1711606505260 1.6187558938810327 0
1711606505261 1.5868721605985712 0
1711606505262 1.5554074303315288 0
1711606505262 1.5244657334038656 0
1711606505263 1.4941636202904882 0
1711606505264 1.464470171235102 0
1711606505265 1.4353421738160346 0
1711606505265 1.4067900769740267 0
1711606505266 1.3789051971373683 0
1711606505267 1.351487003795031 0
1711606505268 1.3246006004923703 0
1711606505268 1.2983327854390667 0
1711606505269 1.2726043066066333 0
1711606505270 1.2473004724959036 0
1711606505271 1.2224884852782922 0
1711606505271 1.1981829801234178 0
1711606505272 1.1743482210602767 0
1711606505273 1.1509929163138328 0
1711606505274 1.1281167042764297 0
1711606505274 1.1056760716059255 0
1711606505275 1.0836962990370322 0
1711606505276 1.062236558762503 0
1711606505277 1.0411183953178735 0
1711606505277 1.0204211844749216 0
1711606505278 1.0001394831120392 0
1711606505279 0.9802647336028739 0
1711606505280 0.9607669006636067 0
1711606505280 0.9416546691789692 0
1711606505281 0.9229260547459249 0
1711606505282 0.9045700886584002 0
1711606505282 0.8865766325341264 0
1711606505283 0.8689456694101921 0
1711606505284 0.8516920581372102 0
1711606505285 0.8347488192495046 0
1711606505285 0.818145629545128 0
1711606505286 0.8018788341558181 0
1711606505287 0.7859407522365472 0
1711606505288 0.7703337832016148 0
1711606505288 0.7550285498962206 0
1711606505289 0.7400105988926893 0
1711606505290 0.7252973605787807 0
1711606505291 0.7108758199328238 0
1711606505291 0.6967575449453055 0
1711606505292 0.6829118221036664 0
1711606505293 0.66944527838332 0
1711606505294 0.6561560968948034 0
1711606505294 0.6431112229378312 0
1711606505295 0.6303403311209328 0
1711606505296 0.61784508819273 0
1711606505297 0.6056130969473816 0
1711606505297 0.593566691347289 0
1711606505298 0.5817674667966355 0
1711606505299 0.5702015553157506 0
1711606505300 0.558861185559053 0
1711606505300 0.5477774823800381 0
1711606505301 0.5368841580491854 0
1711606505302 0.5262213167131736 0
1711606505303 0.5157853238778642 0
1711606505303 0.505548139592114 0
1711606505304 0.4955201634672121 0
1711606505305 0.4856705418241293 0
1711606505305 0.4760209857273068 0
1711606505306 0.46655197201138876 0
1711606505307 0.4574427020476693 0
1711606505308 0.44836883625446033 0
1711606505308 0.43945413976142667 0
1711606505309 0.4307132313585189 0
1711606505310 0.42214831686851606 0
1711606505311 0.413765251417946 0
1711606505311 0.40553971960517154 0
1711606505312 0.3975215660343887 0
1711606505313 0.38964237816173475 0
1711606505314 0.38189546336729047 0
1711606505314 0.3743026957326456 0
1711606505315 0.36686280555666423 0
1711606505316 0.3595856101169359 0
1711606505317 0.3524331666622022 0
1711606505317 0.34542667485173967 0
1711606505318 0.338562957956091 0
1711606505319 0.33183477549076856 0
1711606505320 0.32523824046760547 0
1711606505320 0.31876892971638343 0
1711606505321 0.31245340447346004 0
1711606505322 0.3062419593979632 0
1711606505323 0.30016198748609635 0
1711606505323 0.2941935885202051 0
1711606505324 0.2883446722072521 0
1711606505325 0.28261404786050887 0
1711606505326 0.27699644368177717 0
1711606505326 0.271504808944268 0
1711606505327 0.26611548681602787 0
1711606505328 0.2608277396959668 0
1711606505329 0.25564557709827695 0
