1711606577752 1.5467284438411717 0
1711606577753 1.2593861649764932 0
1711606577754 1.0254145132806525 0
1711606577755 0.8350168633072319 0
1711606577756 0.6800201801239439 0
1711606577757 0.5538816180430558 0
1711606577757 0.4511769499510039 0
1711606577758 0.3675070788321739 0
1711606577759 0.2995311189116321 0
1711606577760 0.24427594072022543 0
1711606577760 0.19901228540448715 0
1711606577761 0.1621625049059725 0
1711606577762 0.13213089226856012 0
1711606577763 0.10774355922829662 0
1711606577763 0.0878234740985504 0
1711606577764 0.07165036989766746 0
1711606577765 0.05844221254273532 0
1711606577766 0.04766937527484394 0
1711606577766 0.03890583916736924 0
1711606577767 0.031748622635018674 0
1711606577768 0.02593614556897823 0
1711606577769 0.021165666523139486 0
1711606577769 0.01729502742682596 0
1711606577770 0.014136262905807636 0
1711606577771 0.01156422117545133 0
1711606577772 0.009458771290454039 0
1711606577772 0.007731545055366714 0
1711606577773 0.006329068508832951 0
1711606577774 0.005183265221419718 0
1711606577774 0.004248376881938031 0
1711606577775 0.0034838189470647566 0
1711606577776 0.0028618611207576724 0
1711606577777 0.002353559326263443 0
1711606577777 0.0019406589795733314 0
1711606577778 0.0016033900902366136 0
1711606577779 0.0013245078017250582 0
1711606577780 0.001097575233218134 0
1711606577780 0.0009131426824327104 0
1711606577781 0.0007623071388679644 0
1711606577782 0.0006378751054702923 0
1711606577783 0.000537337233291011 0
1711606577783 0.0004544736795903017 0
1711606577784 0.00038707026133267283 0
1711606577785 0.0003317378484367237 0
1711606577786 0.0002861237650774705 0
1711606577786 0.0002487806545296809 0
1711606577787 0.0002183345223450711 0
1711606577788 0.0001934984684936343 0
1711606577789 0.00017324865298866504 0
1711606577789 0.00015638715873043292 0
1711606577790 0.0001427000044899778 0
1711606577791 0.000131509052237684 0
1711606577791 0.00012225786025946828 0
1711606577792 0.00011455950590178288 0
1711606577793 0.0001082560723106751 0
1711606577794 0.00010312180475423633 0
1711606577794 9.890384293344346e-05 0
1711606577795 9.538472355751758e-05 0
1711606577796 9.249668362970282e-05 0
1711606577797 8.98734868356001e-05 0
1711606577797 8.790555657446251e-05 0
1711606577798 8.607561112215678e-05 0
1711606577799 8.462110226561025e-05 0
1711606577800 8.344444720224237e-05 0
1711606577800 8.233750299787456e-05 0
1711606577801 8.097491581890558e-05 0
1711606577802 7.983065302308371e-05 0
1711606577803 7.900820220955941e-05 0
1711606577803 7.840767678190193e-05 0
1711606577804 7.65844280963425e-05 0
1711606577805 7.593516564803809e-05 0
1711606577806 7.54375220022835e-05 0
1711606577806 7.468828944820701e-05 0
1711606577807 7.438422658490027e-05 0
1711606577808 7.373317575398017e-05 0
1711606577809 7.276912333175726e-05 0
1711606577809 7.243720572011866e-05 0
1711606577810 7.142270278114111e-05 0
1711606577811 7.084658844502401e-05 0
1711606577812 7.057959090839675e-05 0
1711606577812 7.0090755049348e-05 0
1711606577813 6.853566661098563e-05 0
1711606577814 6.823401373947661e-05 0
1711606577815 6.741987973225261e-05 0
1711606577816 6.730027684695792e-05 0
1711606577817 6.720755821149367e-05 0
1711606577817 6.676848791927742e-05 0
1711606577818 6.665873297404565e-05 0
1711606577819 6.628497511984313e-05 0
1711606577820 6.554907886676561e-05 0
1711606577821 6.512064042936706e-05 0
1711606577822 6.506853210870789e-05 0
1711606577822 6.492383125390181e-05 0
1711606577823 6.487787450414732e-05 0
1711606577824 6.401503407579496e-05 0
1711606577825 6.397814917835827e-05 0
1711606577826 6.388598176307579e-05 0
1711606577827 6.38517277919263e-05 0
1711606577827 6.377735267833088e-05 0
1711606577828 6.323309065132675e-05 0
