1711606610598 1.540269767578962 0
1711606610599 1.249729620191882 0
1711606610600 1.012663608585733 0
1711606610601 0.821152812065583 0
1711606610602 0.6659728987328059 0
1711606610603 0.539830707828654 0
1711606610603 0.4380785769513938 0
1711606610604 0.3549833468290564 0
1711606610605 0.2876885725246822 0
1711606610606 0.23329104020232105 0
1711606610606 0.18919537173873244 0
1711606610607 0.15332502768178866 0
1711606610608 0.12462935106104137 0
1711606610609 0.1010144248396318 0
1711606610610 0.08190676244754884 0
1711606610610 0.06640110453755609 0
1711606610611 0.05383029768533274 0
1711606610612 0.043681366252719935 0
1711606610613 0.03542177125933138 0
1711606610613 0.02878899396424174 0
1711606610614 0.02336611103603688 0
1711606610615 0.018956926498639278 0
1711606610616 0.015398247067467905 0
1711606610617 0.012495941982716943 0
1711606610617 0.010157901338145318 0
1711606610618 0.008252915647186042 0
1711606610619 0.006705261274330019 0
1711606610620 0.005455186625930364 0
1711606610621 0.0044418562955465205 0
1711606610621 0.0036236225671443536 0
1711606610622 0.0029610068211357752 0
1711606610623 0.0024224168239720366 0
1711606610624 0.00197862654737361 0
1711606610625 0.0016201482277568866 0
1711606610626 0.0013276659315155648 0
1711606610626 0.0010881658352527265 0
1711606610627 0.0008944786347755112 0
1711606610628 0.0007388218008438957 0
1711606610629 0.0006110877039264607 0
1711606610630 0.0005067648989173315 0
1711606610631 0.0004243150902910593 0
1711606610631 0.000356190201915283 0
1711606610632 0.0003011794666920557 0
1711606610633 0.0002557411601827575 0
1711606610634 0.0002177606298692862 0
1711606610635 0.0001878706148601135 0
1711606610636 0.0001633205841665645 0
1711606610636 0.0001422316347408742 0
1711606610637 0.0001256093525394391 0
1711606610638 0.00011136191152524139 0
1711606610639 9.971983212248755e-05 0
1711606610640 9.052374524575237e-05 0
1711606610641 8.336394787848896e-05 0
1711606610641 7.696434584048474e-05 0
1711606610642 7.148412362094126e-05 0
1711606610643 6.734387040142828e-05 0
1711606610644 6.38384535392026e-05 0
1711606610645 6.079201174675228e-05 0
1711606610646 5.8432661085783906e-05 0
1711606610646 5.64310953193537e-05 0
1711606610647 5.48298441881871e-05 0
1711606610648 5.355038053545988e-05 0
1711606610649 5.246736504614309e-05 0
1711606610650 5.1407734227039835e-05 0
1711606610650 5.0317078500478016e-05 0
1711606610651 4.9637650530525416e-05 0
1711606610652 4.907407243426185e-05 0
1711606610653 4.838732322330113e-05 0
1711606610654 4.794733875091681e-05 0
1711606610655 4.7328944437641995e-05 0
1711606610655 4.663266724315629e-05 0
1711606610656 4.6220293163537826e-05 0
1711606610657 4.596319750405826e-05 0
1711606610658 4.5242808602779926e-05 0
1711606610659 4.4735294148690016e-05 0
1711606610660 4.4592301248684204e-05 0
1711606610660 4.400688592832491e-05 0
1711606610661 4.3428891150936896e-05 0
1711606610662 4.2899198164098924e-05 0
1711606610663 4.2490644349486976e-05 0
1711606610664 4.213074459441905e-05 0
1711606610665 4.200276191548588e-05 0
1711606610665 4.1543171685474355e-05 0
1711606610666 4.1426934900618916e-05 0
1711606610667 4.1247679865706016e-05 0
1711606610668 4.0466874975119365e-05 0
1711606610669 4.02060121311574e-05 0
1711606610669 3.957568041054363e-05 0
1711606610670 3.9390553377798074e-05 0
1711606610671 3.868567764796333e-05 0
1711606610672 3.852743325421876e-05 0
1711606610673 3.847449370433583e-05 0
1711606610674 3.8247841561626804e-05 0
1711606610674 3.816676028927142e-05 0
1711606610675 3.808948819485471e-05 0
1711606610676 3.7466434379599954e-05 0
1711606610677 3.7399727853446804e-05 0
1711606610677 3.730826956594133e-05 0
1711606610678 3.721926210942531e-05 0
1711606610679 3.623862294519072e-05 0
