1711606488482 1.863014064414191 0
1711606488483 1.8263105844539893 0
1711606488484 1.7900081911202101 0
1711606488485 1.7554460968820138 0
1711606488486 1.7205712006470897 0
1711606488487 1.68670944719082 0
1711606488488 1.653244618797642 0
1711606488489 1.6206783098288842 0
1711606488489 1.5887519545524464 0
1711606488490 1.5572054410294043 0
1711606488491 1.5262651886137468 0
1711606488492 1.495948603683234 0
1711606488493 1.4662608509346673 0
1711606488493 1.4371576595861117 0
1711606488494 1.4086648186346935 0
1711606488496 1.3809164020242595 0
1711606488496 1.3535148156424266 0
1711606488497 1.3266278102148379 0
1711606488498 1.3002609429912613 0
1711606488499 1.274514410256561 0
1711606488500 1.2491794767762843 0
1711606488501 1.224378254533825 0
1711606488502 1.2000495996946179 0
1711606488503 1.1762171009068036 0
1711606488505 1.1529101432308975 0
1711606488506 1.1300571119773355 0
1711606488507 1.1077171832840118 0
1711606488509 1.0858964501160369 0
1711606488510 1.0643707830391482 0
1711606488511 1.0434691922696626 0
1711606488513 1.02272948923026 0
1711606488514 1.0025013989480558 0
1711606488515 0.9825766022004342 0
1711606488517 0.9630525644321873 0
1711606488518 0.9439416843803016 0
1711606488519 0.9252013431018642 0
1711606488520 0.9068699947611878 0
1711606488521 0.8889255394160034 0
1711606488522 0.871285860470089 0
1711606488523 0.8539927093476487 0
1711606488524 0.8370542912474593 0
1711606488525 0.8204751103177222 0
1711606488526 0.8042043674900446 0
1711606488527 0.7892349291137166 0
1711606488528 0.7735662535980149 0
1711606488529 0.7582499257547021 0
1711606488530 0.7432549796184784 0
1711606488531 0.728501954650957 0
1711606488532 0.7141429701998954 0
1711606488533 0.69997219037753 0
1711606488534 0.6860754703652499 0
1711606488534 0.672637527040357 0
1711606488535 0.6594639500775232 0
1711606488536 0.6463627645143912 0
1711606488537 0.6335419981660728 0
1711606488538 0.6210963979252687 0
1711606488538 0.6088016680645001 0
1711606488539 0.5967365382210216 0
1711606488540 0.5848818056928077 0
1711606488541 0.5732677717038354 0
1711606488541 0.5618874960645093 0
1711606488542 0.5507259170042901 0
1711606488543 0.5398105393251219 0
1711606488545 0.5290851598500101 0
1711606488546 0.5189858098410646 0
1711606488546 0.5086753758073908 0
1711606488547 0.498589133189196 0
1711606488548 0.4886863212294358 0
1711606488549 0.47898541464388084 0
1711606488550 0.46948532751601507 0
1711606488551 0.46016965698689927 0
1711606488551 0.45102691596216565 0
1711606488552 0.442072823785164 0
1711606488553 0.43331757771205537 0
1711606488554 0.42475227663837994 0
1711606488555 0.4163802428428593 0
1711606488555 0.40813458283323517 0
1711606488556 0.4000288702017088 0
1711606488557 0.39208916598811216 0
1711606488557 0.38430464396816955 0
1711606488558 0.3766723731345974 0
1711606488559 0.3691922006181053 0
1711606488560 0.36188214926937406 0
1711606488560 0.35470895130481234 0
1711606488561 0.347679922643901 0
1711606488562 0.34077728960771225 0
1711606488563 0.3340556036738151 0
1711606488563 0.3274245285881841 0
1711606488564 0.32092032405827653 0
1711606488565 0.3145507780613391 0
1711606488565 0.3083110422214648 0
1711606488566 0.30227854859065184 0
1711606488567 0.29627045208050096 0
1711606488568 0.2904245248569015 0
1711606488568 0.28471960569874644 0
1711606488569 0.2791131231534266 0
1711606488570 0.2735747675460209 0
1711606488570 0.2681396261016892 0
1711606488571 0.26281682171340276 0
1711606488572 0.2575955079317027 0
