1711606549288 1.7158933332244737 0
1711606549289 1.5490195307523003 0
1711606549290 1.3993204849967575 0
1711606549290 1.2631241421752795 0
1711606549291 1.1402007935056442 0
1711606549292 1.0294455871394976 0
1711606549293 0.9294004944126014 0
1711606549295 0.8392803762459896 0
1711606549295 0.7577689481422285 0
1711606549296 0.6842599190260809 0
1711606549297 0.6176236831181428 0
1711606549298 0.5575448556410277 0
1711606549299 0.5032868155255691 0
1711606549300 0.45445016114441295 0
1711606549300 0.4102571481234901 0
1711606549301 0.370879315469534 0
1711606549302 0.3350104804167138 0
1711606549303 0.3024626293113877 0
1711606549304 0.27302391275952764 0
1711606549304 0.2465296012054485 0
1711606549305 0.2225421861088367 0
1711606549306 0.2008938009824449 0
1711606549307 0.18134789691750214 0
1711606549307 0.1638231339892896 0
1711606549308 0.14839539700434642 0
1711606549309 0.13404379736250638 0
1711606549309 0.1210713236292314 0
1711606549310 0.1093344898940552 0
1711606549311 0.09869616089221883 0
1711606549312 0.08913162267761614 0
1711606549312 0.08057470295978889 0
1711606549313 0.07273777727582885 0
1711606549314 0.06566624803271653 0
1711606549315 0.05928291200491591 0
1711606549316 0.05353152299856125 0
1711606549316 0.04834560518053597 0
1711606549317 0.043702120110484875 0
1711606549318 0.03948267197304159 0
1711606549319 0.0356438806584695 0
1711606549320 0.032300682897196974 0
1711606549321 0.02917154381061735 0
1711606549322 0.02636538154830214 0
1711606549323 0.023809642145872296 0
1711606549323 0.02150257900956732 0
1711606549324 0.019422534759374308 0
1711606549325 0.017537226425339152 0
1711606549326 0.01584336588003678 0
1711606549327 0.01430679820980898 0
1711606549328 0.012922524480899382 0
1711606549328 0.011671280834206404 0
1711606549329 0.010552152838088297 0
1711606549330 0.009533629970547469 0
1711606549331 0.008611060331744441 0
1711606549332 0.007786161654524534 0
1711606549332 0.007034158236831462 0
1711606549333 0.006355529208052154 0
1711606549334 0.005741836484411774 0
1711606549335 0.005188862705510848 0
1711606549336 0.0046898054243175715 0
1711606549336 0.004238594932182485 0
1711606549337 0.0038311978680263072 0
1711606549338 0.0034635192492152135 0
1711606549339 0.003132816594582049 0
1711606549340 0.0028341041768811816 0
1711606549340 0.002562813434179788 0
1711606549341 0.00231795274420829 0
1711606549342 0.0020968315899649544 0
1711606549343 0.0018986536118419642 0
1711606549344 0.0017181060150779767 0
1711606549344 0.001555144327358003 0
1711606549345 0.0014078960359928988 0
1711606549346 0.001274933860829352 0
1711606549347 0.0011552855130258152 0
1711606549348 0.0010468027375660615 0
1711606549348 0.0009486279926612622 0
1711606549349 0.0008601306584708864 0
1711606549350 0.0007801085975517535 0
1711606549351 0.0007078773545196081 0
1711606549352 0.0006426799049542389 0
1711606549352 0.0005836534919502333 0
1711606549353 0.0005305843415556662 0
1711606549354 0.0004823870853147911 0
1711606549355 0.0004389204774371722 0
1711606549356 0.0003995026863048009 0
1711606549356 0.000363942522175829 0
1711606549357 0.00033179069677886696 0
1711606549358 0.0003030278868025171 0
1711606549359 0.0002767348198498092 0
1711606549360 0.00025289413342951113 0
1711606549361 0.0002313395986482936 0
1711606549362 0.00021193531663224683 0
1711606549363 0.00019447982292955374 0
1711606549363 0.00017846942664891677 0
1711606549364 0.0001640999875157119 0
1711606549365 0.00015108241925380954 0
1711606549366 0.0001392755158215106 0
1711606549366 0.00012863137501970126 0
1711606549367 0.00011896722314709908 0
1711606549368 0.00011017377156824159 0
1711606549369 0.00010228645137428895 0
