1711606540981 1.726768908997336 0
1711606540982 1.5639886463509942 0
1711606540983 1.4146845041227503 0
1711606540983 1.2801248901669997 0
1711606540984 1.1607563072929508 0
1711606540985 1.056554563001783 0
1711606540986 0.9599912767419203 0
1711606540987 0.8689417322180637 0
1711606540988 0.7959740779993728 0
1711606540988 0.7248519641442697 0
1711606540989 0.6659753711882295 0
1711606540990 0.6034175086927344 0
1711606540991 0.5578990255730725 0
1711606540991 0.5074368771695853 0
1711606540992 0.4620704231453869 0
1711606540993 0.42200609070050804 0
1711606540993 0.3833539563985125 0
1711606540994 0.3477911180902028 0
1711606540995 0.3146136602490457 0
1711606540996 0.2865066669633665 0
1711606540996 0.2595944985047176 0
1711606540997 0.23526430618391836 0
1711606540998 0.21282220644927458 0
1711606540999 0.19417724522472551 0
1711606540999 0.17635529069576858 0
1711606541000 0.16005377021602157 0
1711606541001 0.14554106480666454 0
1711606541002 0.1320238644447359 0
1711606541002 0.12130336295026886 0
1711606541003 0.11005209169381677 0
1711606541004 0.10031092617249128 0
1711606541005 0.09098368578617841 0
1711606541005 0.08279674940801186 0
1711606541006 0.07725107349073769 0
1711606541007 0.07032325639421562 0
1711606541008 0.06425786457382802 0
1711606541008 0.05870298033170508 0
1711606541009 0.05355978352893376 0
1711606541010 0.048650815722122924 0
1711606541011 0.04450058829696251 0
1711606541011 0.04069388812535648 0
1711606541012 0.03695520327808852 0
1711606541013 0.034188148374662296 0
1711606541014 0.031212507646512556 0
1711606541014 0.028417582963390906 0
1711606541015 0.026161357401304847 0
1711606541016 0.023891632972839243 0
1711606541017 0.02197519804205063 0
1711606541017 0.02000616389999616 0
1711606541018 0.018375374847999 0
1711606541019 0.016804521784657116 0
1711606541020 0.015491004891478886 0
1711606541020 0.014125081133593467 0
1711606541021 0.012919674817073295 0
1711606541022 0.01217985586925209 0
1711606541023 0.011239747393459523 0
1711606541023 0.010282934581366055 0
1711606541024 0.00950726678038334 0
1711606541025 0.008749035075287187 0
1711606541026 0.008040107188130002 0
1711606541027 0.0074401147313205174 0
1711606541027 0.006882708347224432 0
1711606541028 0.006361185864410179 0
1711606541029 0.005892411663647752 0
1711606541030 0.00559413417810167 0
1711606541030 0.005156695758146173 0
1711606541031 0.004788522481908037 0
1711606541032 0.004466067849519037 0
1711606541033 0.004143082868884114 0
1711606541033 0.003871137997719039 0
1711606541034 0.0035861234568029554 0
1711606541035 0.003352498056688966 0
1711606541035 0.003110815791070789 0
1711606541036 0.0028865741701366325 0
1711606541037 0.0026985064544967565 0
1711606541038 0.0025226978540525678 0
1711606541038 0.002362761935412904 0
1711606541039 0.002225983669268043 0
1711606541040 0.002100036916811356 0
1711606541041 0.001988362445410694 0
1711606541041 0.0018752375988296884 0
1711606541042 0.0017708149197539946 0
1711606541043 0.001684508862786998 0
1711606541044 0.0015982370977783789 0
1711606541045 0.0015063010937878824 0
1711606541045 0.0014392422321320311 0
1711606541046 0.0013710627734290167 0
1711606541047 0.0013171667768232416 0
1711606541048 0.0012722878288277993 0
1711606541048 0.0012163420512118462 0
1711606541049 0.0011627705559331342 0
1711606541050 0.0011230044384561045 0
1711606541051 0.0010840104669751693 0
1711606541051 0.0010432202252952513 0
1711606541052 0.001003869564636672 0
1711606541053 0.00096436002602823 0
1711606541054 0.0009381398021152047 0
1711606541055 0.0009157958710081088 0
1711606541055 0.0008929920197543098 0
1711606541056 0.0008677402372573854 0
