1711606581231 1.5467284438411721 0
1711606581232 1.2653977155609757 0
1711606581233 1.0321877906464012 0
1711606581234 0.8611248942215756 0
1711606581235 0.7014931714224739 0
1711606581236 0.5740770864598438 0
1711606581236 0.469770030826698 0
1711606581237 0.38841919475312975 0
1711606581238 0.3191680807975869 0
1711606581239 0.2602887706044918 0
1711606581240 0.21310501367429396 0
1711606581240 0.1739706408829331 0
1711606581241 0.14248287346907285 0
1711606581242 0.11627690915390083 0
1711606581243 0.0960275026246853 0
1711606581243 0.07864976401322248 0
1711606581244 0.06484899668841883 0
1711606581245 0.053409626185267206 0
1711606581246 0.0437045174409441 0
1711606581246 0.03612110748170693 0
1711606581247 0.029771726338269525 0
1711606581248 0.025022180032035674 0
1711606581249 0.020716890065682787 0
1711606581250 0.017748136601758585 0
1711606581251 0.01465132990878084 0
1711606581251 0.012274922538131658 0
1711606581252 0.010315631387640146 0
1711606581253 0.008580976558762186 0
1711606581254 0.007160930605227132 0
1711606581254 0.006006116063323759 0
1711606581255 0.005060870121409144 0
1711606581256 0.004432944293244363 0
1711606581257 0.003796284301811238 0
1711606581258 0.003261497547071645 0
1711606581258 0.00281578183756852 0
1711606581259 0.0024514567745948543 0
1711606581260 0.0021512747727249156 0
1711606581261 0.001894386956671945 0
1711606581261 0.0016872532458439124 0
1711606581262 0.0015185986564130417 0
1711606581263 0.0013782747308502998 0
1711606581264 0.0012427120669463293 0
1711606581265 0.0011377374390750667 0
1711606581265 0.0010532560484955657 0
1711606581266 0.0009850643000633695 0
1711606581267 0.0009253943855859727 0
1711606581268 0.0008694759800945532 0
1711606581268 0.0008434330608788808 0
1711606581269 0.0008033823771120551 0
1711606581270 0.0007498317314278655 0
1711606581271 0.000721479572917757 0
1711606581272 0.0006832074019534431 0
1711606581272 0.0006481339212608646 0
1711606581273 0.0006287677618849529 0
1711606581274 0.0006156124726214632 0
1711606581275 0.0005999069519475715 0
1711606581275 0.0005890231600106689 0
1711606581276 0.0005778825313025658 0
1711606581277 0.0005678245481824184 0
1711606581278 0.0005581714938336801 0
1711606581279 0.0005497990349103326 0
1711606581279 0.0005412793687694853 0
1711606581280 0.0005323147423166273 0
1711606581281 0.0005258459387626283 0
1711606581282 0.000521813014668401 0
1711606581282 0.000509542852064518 0
1711606581283 0.0005039779585256699 0
1711606581284 0.0004987593903573162 0
1711606581285 0.0004955852942961718 0
1711606581286 0.0004912384822464314 0
1711606581286 0.00048686099686185314 0
1711606581287 0.0004844931943265375 0
1711606581288 0.00048280889043216663 0
1711606581289 0.00047424960325847284 0
1711606581289 0.0004718650185505949 0
1711606581290 0.0004688851822972558 0
1711606581291 0.0004594389603396932 0
1711606581292 0.00045689055449436313 0
1711606581292 0.00045503928245399565 0
1711606581293 0.00045373377927766415 0
1711606581294 0.00044359332116785023 0
1711606581295 0.00044240266028201905 0
1711606581296 0.00044173056232580635 0
1711606581296 0.0004394606589553511 0
1711606581297 0.0004386212655433298 0
1711606581298 0.00043725801785761805 0
1711606581299 0.00043661235107138335 0
1711606581300 0.00043594119702641154 0
1711606581300 0.00043509643591253285 0
1711606581301 0.0004291094191724776 0
1711606581302 0.0004236398064216365 0
1711606581303 0.00042292139832652946 0
1711606581304 0.00042067905825150017 0
1711606581305 0.00042037979529378446 0
1711606581305 0.00041960108362852926 0
1711606581306 0.0004191240341960948 0
1711606581307 0.00041789421044330203 0
1711606581308 0.00041593573567525653 0
1711606581308 0.0004149050982524595 0
1711606581309 0.00041446160201137757 0
