1711606462718 1.865336942527751 0
1711606462719 1.8296877629358874 0
1711606462720 1.7954584762220687 0
1711606462721 1.7646245623236485 0
1711606462721 1.7322102816320044 0
1711606462722 1.7012980066182446 0
1711606462723 1.6681564229703891 0
1711606462724 1.636725280704461 0
1711606462724 1.60527982377738 0
1711606462725 1.574034310238423 0
1711606462726 1.5442010609838839 0
1711606462727 1.514618070394475 0
1711606462727 1.4851483998559514 0
1711606462728 1.461555794857641 0
1711606462729 1.4339583489646845 0
1711606462730 1.4067480386985138 0
1711606462730 1.3800485800990325 0
1711606462731 1.3556765380661673 0
1711606462732 1.3293354314506913 0
1711606462732 1.303930983115346 0
1711606462733 1.278877926146268 0
1711606462734 1.255371393938217 0
1711606462735 1.2315359064765428 0
1711606462735 1.2100238261230516 0
1711606462736 1.1875674574933888 0
1711606462737 1.167093321493192 0
1711606462737 1.1444199147020446 0
1711606462738 1.122421484808167 0
1711606462739 1.1022948842526765 0
1711606462740 1.082746585682239 0
1711606462740 1.062705583295329 0
1711606462741 1.0422584027583983 0
1711606462742 1.0226385865198844 0
1711606462742 1.0038899315901657 0
1711606462743 0.9849387024210358 0
1711606462744 0.968311139854837 0
1711606462745 0.9501161785179052 0
1711606462745 0.9357050886421971 0
1711606462746 0.9196433095373526 0
1711606462747 0.9041373244156325 0
1711606462748 0.8871849677004651 0
1711606462748 0.8699939853837677 0
1711606462749 0.85432427471174 0
1711606462750 0.8382324524539473 0
1711606462750 0.8234654866650511 0
1711606462751 0.8088059833098146 0
1711606462752 0.7940206875575296 0
1711606462753 0.7789955493633903 0
1711606462753 0.765729043131311 0
1711606462754 0.7511577014566624 0
1711606462755 0.737055996566615 0
1711606462756 0.7233024744781915 0
1711606462756 0.7092587209341056 0
1711606462757 0.6957538886511186 0
1711606462758 0.6830967627054425 0
1711606462758 0.6706876915274578 0
1711606462759 0.6578618770292558 0
1711606462760 0.645146102974889 0
1711606462761 0.6346584624410377 0
1711606462761 0.6250849140888743 0
1711606462762 0.6135754189153255 0
1711606462763 0.6019233303874227 0
1711606462763 0.5927077794356473 0
1711606462764 0.5821928107673563 0
1711606462765 0.5711987452724416 0
1711606462766 0.5601381594861436 0
1711606462766 0.5516148626555922 0
1711606462767 0.5414238654528557 0
1711606462768 0.5321856311167571 0
1711606462768 0.5221465007545695 0
1711606462769 0.5129809724185624 0
1711606462770 0.5033984410928214 0
1711606462771 0.49368092692558413 0
1711606462771 0.4844064322615928 0
1711606462772 0.4752399770089419 0
1711606462773 0.4662294848143209 0
1711606462774 0.45776943865584635 0
1711606462774 0.45035883211027306 0
1711606462775 0.4418988778959602 0
1711606462776 0.43513992124273315 0
1711606462776 0.42766417463989165 0
1711606462777 0.42093520926459604 0
1711606462778 0.41454041619701665 0
1711606462779 0.40758877165908663 0
1711606462779 0.3999793502372474 0
1711606462780 0.3925995726391721 0
1711606462781 0.38609496968225926 0
1711606462781 0.3802355446398024 0
1711606462782 0.3729103524391633 0
1711606462783 0.3657401047257294 0
1711606462784 0.35888285788204505 0
1711606462784 0.3527137914584946 0
1711606462785 0.3462318870331386 0
1711606462786 0.33974321057598195 0
1711606462786 0.33365959722670313 0
1711606462787 0.3276128014644177 0
1711606462788 0.32131138312116964 0
1711606462789 0.31557113982481455 0
1711606462789 0.30985229045657187 0
1711606462790 0.30461349894742973 0
